probesSpacial_64PPW
{
        // Where to load it from
        libs ( "libsampling.so" );
        type            probes;
        // Name of the directory for probe data
        name            probesSpacial_64PPW;
        // Write at same frequency as fields
        writeControl   timeStep;
        writeInterval  1;
        // Fields to be probed
        fields
        (
            p
        );

        probeLocations
		(
			(-420.0 0 0)
			(-419.562 0 0)
			(-419.125 0 0)
			(-418.687 0 0)
			(-418.249 0 0)
			(-417.811 0 0)
			(-417.374 0 0)
			(-416.936 0 0)
			(-416.498 0 0)
			(-416.06 0 0)
			(-415.623 0 0)
			(-415.185 0 0)
			(-414.747 0 0)
			(-414.31 0 0)
			(-413.872 0 0)
			(-413.434 0 0)
			(-412.996 0 0)
			(-412.559 0 0)
			(-412.121 0 0)
			(-411.683 0 0)
			(-411.245 0 0)
			(-410.808 0 0)
			(-410.37 0 0)
			(-409.932 0 0)
			(-409.495 0 0)
			(-409.057 0 0)
			(-408.619 0 0)
			(-408.181 0 0)
			(-407.744 0 0)
			(-407.306 0 0)
			(-406.868 0 0)
			(-406.43 0 0)
			(-405.993 0 0)
			(-405.555 0 0)
			(-405.117 0 0)
			(-404.68 0 0)
			(-404.242 0 0)
			(-403.804 0 0)
			(-403.366 0 0)
			(-402.929 0 0)
			(-402.491 0 0)
			(-402.053 0 0)
			(-401.615 0 0)
			(-401.178 0 0)
			(-400.74 0 0)
			(-400.302 0 0)
			(-399.865 0 0)
			(-399.427 0 0)
			(-398.989 0 0)
			(-398.551 0 0)
			(-398.114 0 0)
			(-397.676 0 0)
			(-397.238 0 0)
			(-396.8 0 0)
			(-396.363 0 0)
			(-395.925 0 0)
			(-395.487 0 0)
			(-395.05 0 0)
			(-394.612 0 0)
			(-394.174 0 0)
			(-393.736 0 0)
			(-393.299 0 0)
			(-392.861 0 0)
			(-392.423 0 0)
			(-391.985 0 0)
			(-391.548 0 0)
			(-391.11 0 0)
			(-390.672 0 0)
			(-390.234 0 0)
			(-389.797 0 0)
			(-389.359 0 0)
			(-388.921 0 0)
			(-388.484 0 0)
			(-388.046 0 0)
			(-387.608 0 0)
			(-387.17 0 0)
			(-386.733 0 0)
			(-386.295 0 0)
			(-385.857 0 0)
			(-385.419 0 0)
			(-384.982 0 0)
			(-384.544 0 0)
			(-384.106 0 0)
			(-383.669 0 0)
			(-383.231 0 0)
			(-382.793 0 0)
			(-382.355 0 0)
			(-381.918 0 0)
			(-381.48 0 0)
			(-381.042 0 0)
			(-380.604 0 0)
			(-380.167 0 0)
			(-379.729 0 0)
			(-379.291 0 0)
			(-378.854 0 0)
			(-378.416 0 0)
			(-377.978 0 0)
			(-377.54 0 0)
			(-377.103 0 0)
			(-376.665 0 0)
			(-376.227 0 0)
			(-375.789 0 0)
			(-375.352 0 0)
			(-374.914 0 0)
			(-374.476 0 0)
			(-374.039 0 0)
			(-373.601 0 0)
			(-373.163 0 0)
			(-372.725 0 0)
			(-372.288 0 0)
			(-371.85 0 0)
			(-371.412 0 0)
			(-370.974 0 0)
			(-370.537 0 0)
			(-370.099 0 0)
			(-369.661 0 0)
			(-369.224 0 0)
			(-368.786 0 0)
			(-368.348 0 0)
			(-367.91 0 0)
			(-367.473 0 0)
			(-367.035 0 0)
			(-366.597 0 0)
			(-366.159 0 0)
			(-365.722 0 0)
			(-365.284 0 0)
			(-364.846 0 0)
			(-364.409 0 0)
			(-363.971 0 0)
			(-363.533 0 0)
			(-363.095 0 0)
			(-362.658 0 0)
			(-362.22 0 0)
			(-361.782 0 0)
			(-361.344 0 0)
			(-360.907 0 0)
			(-360.469 0 0)
			(-360.031 0 0)
			(-359.594 0 0)
			(-359.156 0 0)
			(-358.718 0 0)
			(-358.28 0 0)
			(-357.843 0 0)
			(-357.405 0 0)
			(-356.967 0 0)
			(-356.529 0 0)
			(-356.092 0 0)
			(-355.654 0 0)
			(-355.216 0 0)
			(-354.779 0 0)
			(-354.341 0 0)
			(-353.903 0 0)
			(-353.465 0 0)
			(-353.028 0 0)
			(-352.59 0 0)
			(-352.152 0 0)
			(-351.714 0 0)
			(-351.277 0 0)
			(-350.839 0 0)
			(-350.401 0 0)
			(-349.964 0 0)
			(-349.526 0 0)
			(-349.088 0 0)
			(-348.65 0 0)
			(-348.213 0 0)
			(-347.775 0 0)
			(-347.337 0 0)
			(-346.899 0 0)
			(-346.462 0 0)
			(-346.024 0 0)
			(-345.586 0 0)
			(-345.149 0 0)
			(-344.711 0 0)
			(-344.273 0 0)
			(-343.835 0 0)
			(-343.398 0 0)
			(-342.96 0 0)
			(-342.522 0 0)
			(-342.084 0 0)
			(-341.647 0 0)
			(-341.209 0 0)
			(-340.771 0 0)
			(-340.334 0 0)
			(-339.896 0 0)
			(-339.458 0 0)
			(-339.02 0 0)
			(-338.583 0 0)
			(-338.145 0 0)
			(-337.707 0 0)
			(-337.269 0 0)
			(-336.832 0 0)
			(-336.394 0 0)
			(-335.956 0 0)
			(-335.518 0 0)
			(-335.081 0 0)
			(-334.643 0 0)
			(-334.205 0 0)
			(-333.768 0 0)
			(-333.33 0 0)
			(-332.892 0 0)
			(-332.454 0 0)
			(-332.017 0 0)
			(-331.579 0 0)
			(-331.141 0 0)
			(-330.703 0 0)
			(-330.266 0 0)
			(-329.828 0 0)
			(-329.39 0 0)
			(-328.953 0 0)
			(-328.515 0 0)
			(-328.077 0 0)
			(-327.639 0 0)
			(-327.202 0 0)
			(-326.764 0 0)
			(-326.326 0 0)
			(-325.888 0 0)
			(-325.451 0 0)
			(-325.013 0 0)
			(-324.575 0 0)
			(-324.138 0 0)
			(-323.7 0 0)
			(-323.262 0 0)
			(-322.824 0 0)
			(-322.387 0 0)
			(-321.949 0 0)
			(-321.511 0 0)
			(-321.073 0 0)
			(-320.636 0 0)
			(-320.198 0 0)
			(-319.76 0 0)
			(-319.323 0 0)
			(-318.885 0 0)
			(-318.447 0 0)
			(-318.009 0 0)
			(-317.572 0 0)
			(-317.134 0 0)
			(-316.696 0 0)
			(-316.258 0 0)
			(-315.821 0 0)
			(-315.383 0 0)
			(-314.945 0 0)
			(-314.508 0 0)
			(-314.07 0 0)
			(-313.632 0 0)
			(-313.194 0 0)
			(-312.757 0 0)
			(-312.319 0 0)
			(-311.881 0 0)
			(-311.443 0 0)
			(-311.006 0 0)
			(-310.568 0 0)
			(-310.13 0 0)
			(-309.693 0 0)
			(-309.255 0 0)
			(-308.817 0 0)
			(-308.379 0 0)
			(-307.942 0 0)
			(-307.504 0 0)
			(-307.066 0 0)
			(-306.628 0 0)
			(-306.191 0 0)
			(-305.753 0 0)
			(-305.315 0 0)
			(-304.878 0 0)
			(-304.44 0 0)
			(-304.002 0 0)
			(-303.564 0 0)
			(-303.127 0 0)
			(-302.689 0 0)
			(-302.251 0 0)
			(-301.813 0 0)
			(-301.376 0 0)
			(-300.938 0 0)
			(-300.5 0 0)
			(-300.063 0 0)
			(-299.625 0 0)
			(-299.187 0 0)
			(-298.749 0 0)
			(-298.312 0 0)
			(-297.874 0 0)
			(-297.436 0 0)
			(-296.998 0 0)
			(-296.561 0 0)
			(-296.123 0 0)
			(-295.685 0 0)
			(-295.248 0 0)
			(-294.81 0 0)
			(-294.372 0 0)
			(-293.934 0 0)
			(-293.497 0 0)
			(-293.059 0 0)
			(-292.621 0 0)
			(-292.183 0 0)
			(-291.746 0 0)
			(-291.308 0 0)
			(-290.87 0 0)
			(-290.433 0 0)
			(-289.995 0 0)
			(-289.557 0 0)
			(-289.119 0 0)
			(-288.682 0 0)
			(-288.244 0 0)
			(-287.806 0 0)
			(-287.368 0 0)
			(-286.931 0 0)
			(-286.493 0 0)
			(-286.055 0 0)
			(-285.618 0 0)
			(-285.18 0 0)
			(-284.742 0 0)
			(-284.304 0 0)
			(-283.867 0 0)
			(-283.429 0 0)
			(-282.991 0 0)
			(-282.553 0 0)
			(-282.116 0 0)
			(-281.678 0 0)
			(-281.24 0 0)
			(-280.803 0 0)
			(-280.365 0 0)
			(-279.927 0 0)
			(-279.489 0 0)
			(-279.052 0 0)
			(-278.614 0 0)
			(-278.176 0 0)
			(-277.738 0 0)
			(-277.301 0 0)
			(-276.863 0 0)
			(-276.425 0 0)
			(-275.987 0 0)
			(-275.55 0 0)
			(-275.112 0 0)
			(-274.674 0 0)
			(-274.237 0 0)
			(-273.799 0 0)
			(-273.361 0 0)
			(-272.923 0 0)
			(-272.486 0 0)
			(-272.048 0 0)
			(-271.61 0 0)
			(-271.172 0 0)
			(-270.735 0 0)
			(-270.297 0 0)
			(-269.859 0 0)
			(-269.422 0 0)
			(-268.984 0 0)
			(-268.546 0 0)
			(-268.108 0 0)
			(-267.671 0 0)
			(-267.233 0 0)
			(-266.795 0 0)
			(-266.357 0 0)
			(-265.92 0 0)
			(-265.482 0 0)
			(-265.044 0 0)
			(-264.607 0 0)
			(-264.169 0 0)
			(-263.731 0 0)
			(-263.293 0 0)
			(-262.856 0 0)
			(-262.418 0 0)
			(-261.98 0 0)
			(-261.542 0 0)
			(-261.105 0 0)
			(-260.667 0 0)
			(-260.229 0 0)
			(-259.792 0 0)
			(-259.354 0 0)
			(-258.916 0 0)
			(-258.478 0 0)
			(-258.041 0 0)
			(-257.603 0 0)
			(-257.165 0 0)
			(-256.727 0 0)
			(-256.29 0 0)
			(-255.852 0 0)
			(-255.414 0 0)
			(-254.977 0 0)
			(-254.539 0 0)
			(-254.101 0 0)
			(-253.663 0 0)
			(-253.226 0 0)
			(-252.788 0 0)
			(-252.35 0 0)
			(-251.912 0 0)
			(-251.475 0 0)
			(-251.037 0 0)
			(-250.599 0 0)
			(-250.162 0 0)
			(-249.724 0 0)
			(-249.286 0 0)
			(-248.848 0 0)
			(-248.411 0 0)
			(-247.973 0 0)
			(-247.535 0 0)
			(-247.097 0 0)
			(-246.66 0 0)
			(-246.222 0 0)
			(-245.784 0 0)
			(-245.347 0 0)
			(-244.909 0 0)
			(-244.471 0 0)
			(-244.033 0 0)
			(-243.596 0 0)
			(-243.158 0 0)
			(-242.72 0 0)
			(-242.282 0 0)
			(-241.845 0 0)
			(-241.407 0 0)
			(-240.969 0 0)
			(-240.532 0 0)
			(-240.094 0 0)
			(-239.656 0 0)
			(-239.218 0 0)
			(-238.781 0 0)
			(-238.343 0 0)
			(-237.905 0 0)
			(-237.467 0 0)
			(-237.03 0 0)
			(-236.592 0 0)
			(-236.154 0 0)
			(-235.717 0 0)
			(-235.279 0 0)
			(-234.841 0 0)
			(-234.403 0 0)
			(-233.966 0 0)
			(-233.528 0 0)
			(-233.09 0 0)
			(-232.652 0 0)
			(-232.215 0 0)
			(-231.777 0 0)
			(-231.339 0 0)
			(-230.902 0 0)
			(-230.464 0 0)
			(-230.026 0 0)
			(-229.588 0 0)
			(-229.151 0 0)
			(-228.713 0 0)
			(-228.275 0 0)
			(-227.837 0 0)
			(-227.4 0 0)
			(-226.962 0 0)
			(-226.524 0 0)
			(-226.087 0 0)
			(-225.649 0 0)
			(-225.211 0 0)
			(-224.773 0 0)
			(-224.336 0 0)
			(-223.898 0 0)
			(-223.46 0 0)
			(-223.022 0 0)
			(-222.585 0 0)
			(-222.147 0 0)
			(-221.709 0 0)
			(-221.271 0 0)
			(-220.834 0 0)
			(-220.396 0 0)
			(-219.958 0 0)
			(-219.521 0 0)
			(-219.083 0 0)
			(-218.645 0 0)
			(-218.207 0 0)
			(-217.77 0 0)
			(-217.332 0 0)
			(-216.894 0 0)
			(-216.456 0 0)
			(-216.019 0 0)
			(-215.581 0 0)
			(-215.143 0 0)
			(-214.706 0 0)
			(-214.268 0 0)
			(-213.83 0 0)
			(-213.392 0 0)
			(-212.955 0 0)
			(-212.517 0 0)
			(-212.079 0 0)
			(-211.641 0 0)
			(-211.204 0 0)
			(-210.766 0 0)
			(-210.328 0 0)
			(-209.891 0 0)
			(-209.453 0 0)
			(-209.015 0 0)
			(-208.577 0 0)
			(-208.14 0 0)
			(-207.702 0 0)
			(-207.264 0 0)
			(-206.826 0 0)
			(-206.389 0 0)
			(-205.951 0 0)
			(-205.513 0 0)
			(-205.076 0 0)
			(-204.638 0 0)
			(-204.2 0 0)
			(-203.762 0 0)
			(-203.325 0 0)
			(-202.887 0 0)
			(-202.449 0 0)
			(-202.011 0 0)
			(-201.574 0 0)
			(-201.136 0 0)
			(-200.698 0 0)
			(-200.261 0 0)
			(-199.823 0 0)
			(-199.385 0 0)
			(-198.947 0 0)
			(-198.51 0 0)
			(-198.072 0 0)
			(-197.634 0 0)
			(-197.196 0 0)
			(-196.759 0 0)
			(-196.321 0 0)
			(-195.883 0 0)
			(-195.446 0 0)
			(-195.008 0 0)
			(-194.57 0 0)
			(-194.132 0 0)
			(-193.695 0 0)
			(-193.257 0 0)
			(-192.819 0 0)
			(-192.381 0 0)
			(-191.944 0 0)
			(-191.506 0 0)
			(-191.068 0 0)
			(-190.631 0 0)
			(-190.193 0 0)
			(-189.755 0 0)
			(-189.317 0 0)
			(-188.88 0 0)
			(-188.442 0 0)
			(-188.004 0 0)
			(-187.566 0 0)
			(-187.129 0 0)
			(-186.691 0 0)
			(-186.253 0 0)
			(-185.816 0 0)
			(-185.378 0 0)
			(-184.94 0 0)
			(-184.502 0 0)
			(-184.065 0 0)
			(-183.627 0 0)
			(-183.189 0 0)
			(-182.751 0 0)
			(-182.314 0 0)
			(-181.876 0 0)
			(-181.438 0 0)
			(-181.001 0 0)
			(-180.563 0 0)
			(-180.125 0 0)
			(-179.687 0 0)
			(-179.25 0 0)
			(-178.812 0 0)
			(-178.374 0 0)
			(-177.936 0 0)
			(-177.499 0 0)
			(-177.061 0 0)
			(-176.623 0 0)
			(-176.186 0 0)
			(-175.748 0 0)
			(-175.31 0 0)
			(-174.872 0 0)
			(-174.435 0 0)
			(-173.997 0 0)
			(-173.559 0 0)
			(-173.121 0 0)
			(-172.684 0 0)
			(-172.246 0 0)
			(-171.808 0 0)
			(-171.371 0 0)
			(-170.933 0 0)
			(-170.495 0 0)
			(-170.057 0 0)
			(-169.62 0 0)
			(-169.182 0 0)
			(-168.744 0 0)
			(-168.306 0 0)
			(-167.869 0 0)
			(-167.431 0 0)
			(-166.993 0 0)
			(-166.555 0 0)
			(-166.118 0 0)
			(-165.68 0 0)
			(-165.242 0 0)
			(-164.805 0 0)
			(-164.367 0 0)
			(-163.929 0 0)
			(-163.491 0 0)
			(-163.054 0 0)
			(-162.616 0 0)
			(-162.178 0 0)
			(-161.74 0 0)
			(-161.303 0 0)
			(-160.865 0 0)
			(-160.427 0 0)
			(-159.99 0 0)
			(-159.552 0 0)
			(-159.114 0 0)
			(-158.676 0 0)
			(-158.239 0 0)
			(-157.801 0 0)
			(-157.363 0 0)
			(-156.925 0 0)
			(-156.488 0 0)
			(-156.05 0 0)
			(-155.612 0 0)
			(-155.175 0 0)
			(-154.737 0 0)
			(-154.299 0 0)
			(-153.861 0 0)
			(-153.424 0 0)
			(-152.986 0 0)
			(-152.548 0 0)
			(-152.11 0 0)
			(-151.673 0 0)
			(-151.235 0 0)
			(-150.797 0 0)
			(-150.36 0 0)
			(-149.922 0 0)
			(-149.484 0 0)
			(-149.046 0 0)
			(-148.609 0 0)
			(-148.171 0 0)
			(-147.733 0 0)
			(-147.295 0 0)
			(-146.858 0 0)
			(-146.42 0 0)
			(-145.982 0 0)
			(-145.545 0 0)
			(-145.107 0 0)
			(-144.669 0 0)
			(-144.231 0 0)
			(-143.794 0 0)
			(-143.356 0 0)
			(-142.918 0 0)
			(-142.48 0 0)
			(-142.043 0 0)
			(-141.605 0 0)
			(-141.167 0 0)
			(-140.73 0 0)
			(-140.292 0 0)
			(-139.854 0 0)
			(-139.416 0 0)
			(-138.979 0 0)
			(-138.541 0 0)
			(-138.103 0 0)
			(-137.665 0 0)
			(-137.228 0 0)
			(-136.79 0 0)
			(-136.352 0 0)
			(-135.915 0 0)
			(-135.477 0 0)
			(-135.039 0 0)
			(-134.601 0 0)
			(-134.164 0 0)
			(-133.726 0 0)
			(-133.288 0 0)
			(-132.85 0 0)
			(-132.413 0 0)
			(-131.975 0 0)
			(-131.537 0 0)
			(-131.1 0 0)
			(-130.662 0 0)
			(-130.224 0 0)
			(-129.786 0 0)
			(-129.349 0 0)
			(-128.911 0 0)
			(-128.473 0 0)
			(-128.035 0 0)
			(-127.598 0 0)
			(-127.16 0 0)
			(-126.722 0 0)
			(-126.285 0 0)
			(-125.847 0 0)
			(-125.409 0 0)
			(-124.971 0 0)
			(-124.534 0 0)
			(-124.096 0 0)
			(-123.658 0 0)
			(-123.22 0 0)
			(-122.783 0 0)
			(-122.345 0 0)
			(-121.907 0 0)
			(-121.47 0 0)
			(-121.032 0 0)
			(-120.594 0 0)
			(-120.156 0 0)
			(-119.719 0 0)
			(-119.281 0 0)
			(-118.843 0 0)
			(-118.405 0 0)
			(-117.968 0 0)
			(-117.53 0 0)
			(-117.092 0 0)
			(-116.655 0 0)
			(-116.217 0 0)
			(-115.779 0 0)
			(-115.341 0 0)
			(-114.904 0 0)
			(-114.466 0 0)
			(-114.028 0 0)
			(-113.59 0 0)
			(-113.153 0 0)
			(-112.715 0 0)
			(-112.277 0 0)
			(-111.839 0 0)
			(-111.402 0 0)
			(-110.964 0 0)
			(-110.526 0 0)
			(-110.089 0 0)
			(-109.651 0 0)
			(-109.213 0 0)
			(-108.775 0 0)
			(-108.338 0 0)
			(-107.9 0 0)
			(-107.462 0 0)
			(-107.024 0 0)
			(-106.587 0 0)
			(-106.149 0 0)
			(-105.711 0 0)
			(-105.274 0 0)
			(-104.836 0 0)
			(-104.398 0 0)
			(-103.96 0 0)
			(-103.523 0 0)
			(-103.085 0 0)
			(-102.647 0 0)
			(-102.209 0 0)
			(-101.772 0 0)
			(-101.334 0 0)
			(-100.896 0 0)
			(-100.459 0 0)
			(-100.021 0 0)
			(-99.583 0 0)
			(-99.145 0 0)
			(-98.708 0 0)
			(-98.27 0 0)
			(-97.832 0 0)
			(-97.394 0 0)
			(-96.957 0 0)
			(-96.519 0 0)
			(-96.081 0 0)
			(-95.644 0 0)
			(-95.206 0 0)
			(-94.768 0 0)
			(-94.33 0 0)
			(-93.893 0 0)
			(-93.455 0 0)
			(-93.017 0 0)
			(-92.579 0 0)
			(-92.142 0 0)
			(-91.704 0 0)
			(-91.266 0 0)
			(-90.829 0 0)
			(-90.391 0 0)
			(-89.953 0 0)
			(-89.515 0 0)
			(-89.078 0 0)
			(-88.64 0 0)
			(-88.202 0 0)
			(-87.764 0 0)
			(-87.327 0 0)
			(-86.889 0 0)
			(-86.451 0 0)
			(-86.014 0 0)
			(-85.576 0 0)
			(-85.138 0 0)
			(-84.7 0 0)
			(-84.263 0 0)
			(-83.825 0 0)
			(-83.387 0 0)
			(-82.949 0 0)
			(-82.512 0 0)
			(-82.074 0 0)
			(-81.636 0 0)
			(-81.199 0 0)
			(-80.761 0 0)
			(-80.323 0 0)
			(-79.885 0 0)
			(-79.448 0 0)
			(-79.01 0 0)
			(-78.572 0 0)
			(-78.134 0 0)
			(-77.697 0 0)
			(-77.259 0 0)
			(-76.821 0 0)
			(-76.384 0 0)
			(-75.946 0 0)
			(-75.508 0 0)
			(-75.07 0 0)
			(-74.633 0 0)
			(-74.195 0 0)
			(-73.757 0 0)
			(-73.319 0 0)
			(-72.882 0 0)
			(-72.444 0 0)
			(-72.006 0 0)
			(-71.569 0 0)
			(-71.131 0 0)
			(-70.693 0 0)
			(-70.255 0 0)
			(-69.818 0 0)
			(-69.38 0 0)
			(-68.942 0 0)
			(-68.504 0 0)
			(-68.067 0 0)
			(-67.629 0 0)
			(-67.191 0 0)
			(-66.754 0 0)
			(-66.316 0 0)
			(-65.878 0 0)
			(-65.44 0 0)
			(-65.003 0 0)
			(-64.565 0 0)
			(-64.127 0 0)
			(-63.689 0 0)
			(-63.252 0 0)
			(-62.814 0 0)
			(-62.376 0 0)
			(-61.939 0 0)
			(-61.501 0 0)
			(-61.063 0 0)
			(-60.625 0 0)
			(-60.188 0 0)
			(-59.75 0 0)
			(-59.312 0 0)
			(-58.874 0 0)
			(-58.437 0 0)
			(-57.999 0 0)
			(-57.561 0 0)
			(-57.124 0 0)
			(-56.686 0 0)
			(-56.248 0 0)
			(-55.81 0 0)
			(-55.373 0 0)
			(-54.935 0 0)
			(-54.497 0 0)
			(-54.059 0 0)
			(-53.622 0 0)
			(-53.184 0 0)
			(-52.746 0 0)
			(-52.308 0 0)
			(-51.871 0 0)
			(-51.433 0 0)
			(-50.995 0 0)
			(-50.558 0 0)
			(-50.12 0 0)
			(-49.682 0 0)
			(-49.244 0 0)
			(-48.807 0 0)
			(-48.369 0 0)
			(-47.931 0 0)
			(-47.493 0 0)
			(-47.056 0 0)
			(-46.618 0 0)
			(-46.18 0 0)
			(-45.743 0 0)
			(-45.305 0 0)
			(-44.867 0 0)
			(-44.429 0 0)
			(-43.992 0 0)
			(-43.554 0 0)
			(-43.116 0 0)
			(-42.678 0 0)
			(-42.241 0 0)
			(-41.803 0 0)
			(-41.365 0 0)
			(-40.928 0 0)
			(-40.49 0 0)
			(-40.052 0 0)
			(-39.614 0 0)
			(-39.177 0 0)
			(-38.739 0 0)
			(-38.301 0 0)
			(-37.863 0 0)
			(-37.426 0 0)
			(-36.988 0 0)
			(-36.55 0 0)
			(-36.113 0 0)
			(-35.675 0 0)
			(-35.237 0 0)
			(-34.799 0 0)
			(-34.362 0 0)
			(-33.924 0 0)
			(-33.486 0 0)
			(-33.048 0 0)
			(-32.611 0 0)
			(-32.173 0 0)
			(-31.735 0 0)
			(-31.298 0 0)
			(-30.86 0 0)
			(-30.422 0 0)
			(-29.984 0 0)
			(-29.547 0 0)
			(-29.109 0 0)
			(-28.671 0 0)
			(-28.233 0 0)
			(-27.796 0 0)
			(-27.358 0 0)
			(-26.92 0 0)
			(-26.483 0 0)
			(-26.045 0 0)
			(-25.607 0 0)
			(-25.169 0 0)
			(-24.732 0 0)
			(-24.294 0 0)
			(-23.856 0 0)
			(-23.418 0 0)
			(-22.981 0 0)
			(-22.543 0 0)
			(-22.105 0 0)
			(-21.668 0 0)
			(-21.23 0 0)
			(-20.792 0 0)
			(-20.354 0 0)
			(-19.917 0 0)
			(-19.479 0 0)
			(-19.041 0 0)
			(-18.603 0 0)
			(-18.166 0 0)
			(-17.728 0 0)
			(-17.29 0 0)
			(-16.853 0 0)
			(-16.415 0 0)
			(-15.977 0 0)
			(-15.539 0 0)
			(-15.102 0 0)
			(-14.664 0 0)
			(-14.226 0 0)
			(-13.788 0 0)
			(-13.351 0 0)
			(-12.913 0 0)
			(-12.475 0 0)
			(-12.038 0 0)
			(-11.6 0 0)
			(-11.162 0 0)
			(-10.724 0 0)
			(-10.287 0 0)
			(-9.849 0 0)
			(-9.411 0 0)
			(-8.973 0 0)
			(-8.536 0 0)
			(-8.098 0 0)
			(-7.66 0 0)
			(-7.223 0 0)
			(-6.785 0 0)
			(-6.347 0 0)
			(-5.909 0 0)
			(-5.472 0 0)
			(-5.034 0 0)
			(-4.596 0 0)
			(-4.158 0 0)
			(-3.721 0 0)
			(-3.283 0 0)
			(-2.845 0 0)
			(-2.408 0 0)
			(-1.97 0 0)
			(-1.532 0 0)
			(-1.094 0 0)
			(-0.657 0 0)
			(-0.219 0 0)
			(0.219 0 0)
			(0.657 0 0)
			(1.094 0 0)
			(1.532 0 0)
			(1.97 0 0)
			(2.408 0 0)
			(2.845 0 0)
			(3.283 0 0)
			(3.721 0 0)
			(4.158 0 0)
			(4.596 0 0)
			(5.034 0 0)
			(5.472 0 0)
			(5.909 0 0)
			(6.347 0 0)
			(6.785 0 0)
			(7.223 0 0)
			(7.66 0 0)
			(8.098 0 0)
			(8.536 0 0)
			(8.973 0 0)
			(9.411 0 0)
			(9.849 0 0)
			(10.287 0 0)
			(10.724 0 0)
			(11.162 0 0)
			(11.6 0 0)
			(12.038 0 0)
			(12.475 0 0)
			(12.913 0 0)
			(13.351 0 0)
			(13.788 0 0)
			(14.226 0 0)
			(14.664 0 0)
			(15.102 0 0)
			(15.539 0 0)
			(15.977 0 0)
			(16.415 0 0)
			(16.853 0 0)
			(17.29 0 0)
			(17.728 0 0)
			(18.166 0 0)
			(18.603 0 0)
			(19.041 0 0)
			(19.479 0 0)
			(19.917 0 0)
			(20.354 0 0)
			(20.792 0 0)
			(21.23 0 0)
			(21.668 0 0)
			(22.105 0 0)
			(22.543 0 0)
			(22.981 0 0)
			(23.418 0 0)
			(23.856 0 0)
			(24.294 0 0)
			(24.732 0 0)
			(25.169 0 0)
			(25.607 0 0)
			(26.045 0 0)
			(26.483 0 0)
			(26.92 0 0)
			(27.358 0 0)
			(27.796 0 0)
			(28.233 0 0)
			(28.671 0 0)
			(29.109 0 0)
			(29.547 0 0)
			(29.984 0 0)
			(30.422 0 0)
			(30.86 0 0)
			(31.298 0 0)
			(31.735 0 0)
			(32.173 0 0)
			(32.611 0 0)
			(33.048 0 0)
			(33.486 0 0)
			(33.924 0 0)
			(34.362 0 0)
			(34.799 0 0)
			(35.237 0 0)
			(35.675 0 0)
			(36.113 0 0)
			(36.55 0 0)
			(36.988 0 0)
			(37.426 0 0)
			(37.863 0 0)
			(38.301 0 0)
			(38.739 0 0)
			(39.177 0 0)
			(39.614 0 0)
			(40.052 0 0)
			(40.49 0 0)
			(40.928 0 0)
			(41.365 0 0)
			(41.803 0 0)
			(42.241 0 0)
			(42.678 0 0)
			(43.116 0 0)
			(43.554 0 0)
			(43.992 0 0)
			(44.429 0 0)
			(44.867 0 0)
			(45.305 0 0)
			(45.743 0 0)
			(46.18 0 0)
			(46.618 0 0)
			(47.056 0 0)
			(47.493 0 0)
			(47.931 0 0)
			(48.369 0 0)
			(48.807 0 0)
			(49.244 0 0)
			(49.682 0 0)
			(50.12 0 0)
			(50.558 0 0)
			(50.995 0 0)
			(51.433 0 0)
			(51.871 0 0)
			(52.308 0 0)
			(52.746 0 0)
			(53.184 0 0)
			(53.622 0 0)
			(54.059 0 0)
			(54.497 0 0)
			(54.935 0 0)
			(55.373 0 0)
			(55.81 0 0)
			(56.248 0 0)
			(56.686 0 0)
			(57.124 0 0)
			(57.561 0 0)
			(57.999 0 0)
			(58.437 0 0)
			(58.874 0 0)
			(59.312 0 0)
			(59.75 0 0)
			(60.188 0 0)
			(60.625 0 0)
			(61.063 0 0)
			(61.501 0 0)
			(61.939 0 0)
			(62.376 0 0)
			(62.814 0 0)
			(63.252 0 0)
			(63.689 0 0)
			(64.127 0 0)
			(64.565 0 0)
			(65.003 0 0)
			(65.44 0 0)
			(65.878 0 0)
			(66.316 0 0)
			(66.754 0 0)
			(67.191 0 0)
			(67.629 0 0)
			(68.067 0 0)
			(68.504 0 0)
			(68.942 0 0)
			(69.38 0 0)
			(69.818 0 0)
			(70.255 0 0)
			(70.693 0 0)
			(71.131 0 0)
			(71.569 0 0)
			(72.006 0 0)
			(72.444 0 0)
			(72.882 0 0)
			(73.319 0 0)
			(73.757 0 0)
			(74.195 0 0)
			(74.633 0 0)
			(75.07 0 0)
			(75.508 0 0)
			(75.946 0 0)
			(76.384 0 0)
			(76.821 0 0)
			(77.259 0 0)
			(77.697 0 0)
			(78.134 0 0)
			(78.572 0 0)
			(79.01 0 0)
			(79.448 0 0)
			(79.885 0 0)
			(80.323 0 0)
			(80.761 0 0)
			(81.199 0 0)
			(81.636 0 0)
			(82.074 0 0)
			(82.512 0 0)
			(82.949 0 0)
			(83.387 0 0)
			(83.825 0 0)
			(84.263 0 0)
			(84.7 0 0)
			(85.138 0 0)
			(85.576 0 0)
			(86.014 0 0)
			(86.451 0 0)
			(86.889 0 0)
			(87.327 0 0)
			(87.764 0 0)
			(88.202 0 0)
			(88.64 0 0)
			(89.078 0 0)
			(89.515 0 0)
			(89.953 0 0)
			(90.391 0 0)
			(90.829 0 0)
			(91.266 0 0)
			(91.704 0 0)
			(92.142 0 0)
			(92.579 0 0)
			(93.017 0 0)
			(93.455 0 0)
			(93.893 0 0)
			(94.33 0 0)
			(94.768 0 0)
			(95.206 0 0)
			(95.644 0 0)
			(96.081 0 0)
			(96.519 0 0)
			(96.957 0 0)
			(97.394 0 0)
			(97.832 0 0)
			(98.27 0 0)
			(98.708 0 0)
			(99.145 0 0)
			(99.583 0 0)
			(100.021 0 0)
			(100.459 0 0)
			(100.896 0 0)
			(101.334 0 0)
			(101.772 0 0)
			(102.209 0 0)
			(102.647 0 0)
			(103.085 0 0)
			(103.523 0 0)
			(103.96 0 0)
			(104.398 0 0)
			(104.836 0 0)
			(105.274 0 0)
			(105.711 0 0)
			(106.149 0 0)
			(106.587 0 0)
			(107.024 0 0)
			(107.462 0 0)
			(107.9 0 0)
			(108.338 0 0)
			(108.775 0 0)
			(109.213 0 0)
			(109.651 0 0)
			(110.089 0 0)
			(110.526 0 0)
			(110.964 0 0)
			(111.402 0 0)
			(111.839 0 0)
			(112.277 0 0)
			(112.715 0 0)
			(113.153 0 0)
			(113.59 0 0)
			(114.028 0 0)
			(114.466 0 0)
			(114.904 0 0)
			(115.341 0 0)
			(115.779 0 0)
			(116.217 0 0)
			(116.655 0 0)
			(117.092 0 0)
			(117.53 0 0)
			(117.968 0 0)
			(118.405 0 0)
			(118.843 0 0)
			(119.281 0 0)
			(119.719 0 0)
			(120.156 0 0)
			(120.594 0 0)
			(121.032 0 0)
			(121.47 0 0)
			(121.907 0 0)
			(122.345 0 0)
			(122.783 0 0)
			(123.22 0 0)
			(123.658 0 0)
			(124.096 0 0)
			(124.534 0 0)
			(124.971 0 0)
			(125.409 0 0)
			(125.847 0 0)
			(126.285 0 0)
			(126.722 0 0)
			(127.16 0 0)
			(127.598 0 0)
			(128.035 0 0)
			(128.473 0 0)
			(128.911 0 0)
			(129.349 0 0)
			(129.786 0 0)
			(130.224 0 0)
			(130.662 0 0)
			(131.1 0 0)
			(131.537 0 0)
			(131.975 0 0)
			(132.413 0 0)
			(132.85 0 0)
			(133.288 0 0)
			(133.726 0 0)
			(134.164 0 0)
			(134.601 0 0)
			(135.039 0 0)
			(135.477 0 0)
			(135.915 0 0)
			(136.352 0 0)
			(136.79 0 0)
			(137.228 0 0)
			(137.665 0 0)
			(138.103 0 0)
			(138.541 0 0)
			(138.979 0 0)
			(139.416 0 0)
			(139.854 0 0)
			(140.292 0 0)
			(140.73 0 0)
			(141.167 0 0)
			(141.605 0 0)
			(142.043 0 0)
			(142.48 0 0)
			(142.918 0 0)
			(143.356 0 0)
			(143.794 0 0)
			(144.231 0 0)
			(144.669 0 0)
			(145.107 0 0)
			(145.545 0 0)
			(145.982 0 0)
			(146.42 0 0)
			(146.858 0 0)
			(147.295 0 0)
			(147.733 0 0)
			(148.171 0 0)
			(148.609 0 0)
			(149.046 0 0)
			(149.484 0 0)
			(149.922 0 0)
			(150.36 0 0)
			(150.797 0 0)
			(151.235 0 0)
			(151.673 0 0)
			(152.11 0 0)
			(152.548 0 0)
			(152.986 0 0)
			(153.424 0 0)
			(153.861 0 0)
			(154.299 0 0)
			(154.737 0 0)
			(155.175 0 0)
			(155.612 0 0)
			(156.05 0 0)
			(156.488 0 0)
			(156.925 0 0)
			(157.363 0 0)
			(157.801 0 0)
			(158.239 0 0)
			(158.676 0 0)
			(159.114 0 0)
			(159.552 0 0)
			(159.99 0 0)
			(160.427 0 0)
			(160.865 0 0)
			(161.303 0 0)
			(161.74 0 0)
			(162.178 0 0)
			(162.616 0 0)
			(163.054 0 0)
			(163.491 0 0)
			(163.929 0 0)
			(164.367 0 0)
			(164.805 0 0)
			(165.242 0 0)
			(165.68 0 0)
			(166.118 0 0)
			(166.555 0 0)
			(166.993 0 0)
			(167.431 0 0)
			(167.869 0 0)
			(168.306 0 0)
			(168.744 0 0)
			(169.182 0 0)
			(169.62 0 0)
			(170.057 0 0)
			(170.495 0 0)
			(170.933 0 0)
			(171.371 0 0)
			(171.808 0 0)
			(172.246 0 0)
			(172.684 0 0)
			(173.121 0 0)
			(173.559 0 0)
			(173.997 0 0)
			(174.435 0 0)
			(174.872 0 0)
			(175.31 0 0)
			(175.748 0 0)
			(176.186 0 0)
			(176.623 0 0)
			(177.061 0 0)
			(177.499 0 0)
			(177.936 0 0)
			(178.374 0 0)
			(178.812 0 0)
			(179.25 0 0)
			(179.687 0 0)
			(180.125 0 0)
			(180.563 0 0)
			(181.001 0 0)
			(181.438 0 0)
			(181.876 0 0)
			(182.314 0 0)
			(182.751 0 0)
			(183.189 0 0)
			(183.627 0 0)
			(184.065 0 0)
			(184.502 0 0)
			(184.94 0 0)
			(185.378 0 0)
			(185.816 0 0)
			(186.253 0 0)
			(186.691 0 0)
			(187.129 0 0)
			(187.566 0 0)
			(188.004 0 0)
			(188.442 0 0)
			(188.88 0 0)
			(189.317 0 0)
			(189.755 0 0)
			(190.193 0 0)
			(190.631 0 0)
			(191.068 0 0)
			(191.506 0 0)
			(191.944 0 0)
			(192.381 0 0)
			(192.819 0 0)
			(193.257 0 0)
			(193.695 0 0)
			(194.132 0 0)
			(194.57 0 0)
			(195.008 0 0)
			(195.446 0 0)
			(195.883 0 0)
			(196.321 0 0)
			(196.759 0 0)
			(197.196 0 0)
			(197.634 0 0)
			(198.072 0 0)
			(198.51 0 0)
			(198.947 0 0)
			(199.385 0 0)
			(199.823 0 0)
			(200.261 0 0)
			(200.698 0 0)
			(201.136 0 0)
			(201.574 0 0)
			(202.011 0 0)
			(202.449 0 0)
			(202.887 0 0)
			(203.325 0 0)
			(203.762 0 0)
			(204.2 0 0)
			(204.638 0 0)
			(205.076 0 0)
			(205.513 0 0)
			(205.951 0 0)
			(206.389 0 0)
			(206.826 0 0)
			(207.264 0 0)
			(207.702 0 0)
			(208.14 0 0)
			(208.577 0 0)
			(209.015 0 0)
			(209.453 0 0)
			(209.891 0 0)
			(210.328 0 0)
			(210.766 0 0)
			(211.204 0 0)
			(211.641 0 0)
			(212.079 0 0)
			(212.517 0 0)
			(212.955 0 0)
			(213.392 0 0)
			(213.83 0 0)
			(214.268 0 0)
			(214.706 0 0)
			(215.143 0 0)
			(215.581 0 0)
			(216.019 0 0)
			(216.456 0 0)
			(216.894 0 0)
			(217.332 0 0)
			(217.77 0 0)
			(218.207 0 0)
			(218.645 0 0)
			(219.083 0 0)
			(219.521 0 0)
			(219.958 0 0)
			(220.396 0 0)
			(220.834 0 0)
			(221.271 0 0)
			(221.709 0 0)
			(222.147 0 0)
			(222.585 0 0)
			(223.022 0 0)
			(223.46 0 0)
			(223.898 0 0)
			(224.336 0 0)
			(224.773 0 0)
			(225.211 0 0)
			(225.649 0 0)
			(226.087 0 0)
			(226.524 0 0)
			(226.962 0 0)
			(227.4 0 0)
			(227.837 0 0)
			(228.275 0 0)
			(228.713 0 0)
			(229.151 0 0)
			(229.588 0 0)
			(230.026 0 0)
			(230.464 0 0)
			(230.902 0 0)
			(231.339 0 0)
			(231.777 0 0)
			(232.215 0 0)
			(232.652 0 0)
			(233.09 0 0)
			(233.528 0 0)
			(233.966 0 0)
			(234.403 0 0)
			(234.841 0 0)
			(235.279 0 0)
			(235.717 0 0)
			(236.154 0 0)
			(236.592 0 0)
			(237.03 0 0)
			(237.467 0 0)
			(237.905 0 0)
			(238.343 0 0)
			(238.781 0 0)
			(239.218 0 0)
			(239.656 0 0)
			(240.094 0 0)
			(240.532 0 0)
			(240.969 0 0)
			(241.407 0 0)
			(241.845 0 0)
			(242.282 0 0)
			(242.72 0 0)
			(243.158 0 0)
			(243.596 0 0)
			(244.033 0 0)
			(244.471 0 0)
			(244.909 0 0)
			(245.347 0 0)
			(245.784 0 0)
			(246.222 0 0)
			(246.66 0 0)
			(247.097 0 0)
			(247.535 0 0)
			(247.973 0 0)
			(248.411 0 0)
			(248.848 0 0)
			(249.286 0 0)
			(249.724 0 0)
			(250.162 0 0)
			(250.599 0 0)
			(251.037 0 0)
			(251.475 0 0)
			(251.912 0 0)
			(252.35 0 0)
			(252.788 0 0)
			(253.226 0 0)
			(253.663 0 0)
			(254.101 0 0)
			(254.539 0 0)
			(254.977 0 0)
			(255.414 0 0)
			(255.852 0 0)
			(256.29 0 0)
			(256.727 0 0)
			(257.165 0 0)
			(257.603 0 0)
			(258.041 0 0)
			(258.478 0 0)
			(258.916 0 0)
			(259.354 0 0)
			(259.792 0 0)
			(260.229 0 0)
			(260.667 0 0)
			(261.105 0 0)
			(261.542 0 0)
			(261.98 0 0)
			(262.418 0 0)
			(262.856 0 0)
			(263.293 0 0)
			(263.731 0 0)
			(264.169 0 0)
			(264.607 0 0)
			(265.044 0 0)
			(265.482 0 0)
			(265.92 0 0)
			(266.357 0 0)
			(266.795 0 0)
			(267.233 0 0)
			(267.671 0 0)
			(268.108 0 0)
			(268.546 0 0)
			(268.984 0 0)
			(269.422 0 0)
			(269.859 0 0)
			(270.297 0 0)
			(270.735 0 0)
			(271.172 0 0)
			(271.61 0 0)
			(272.048 0 0)
			(272.486 0 0)
			(272.923 0 0)
			(273.361 0 0)
			(273.799 0 0)
			(274.237 0 0)
			(274.674 0 0)
			(275.112 0 0)
			(275.55 0 0)
			(275.987 0 0)
			(276.425 0 0)
			(276.863 0 0)
			(277.301 0 0)
			(277.738 0 0)
			(278.176 0 0)
			(278.614 0 0)
			(279.052 0 0)
			(279.489 0 0)
			(279.927 0 0)
			(280.365 0 0)
			(280.803 0 0)
			(281.24 0 0)
			(281.678 0 0)
			(282.116 0 0)
			(282.553 0 0)
			(282.991 0 0)
			(283.429 0 0)
			(283.867 0 0)
			(284.304 0 0)
			(284.742 0 0)
			(285.18 0 0)
			(285.618 0 0)
			(286.055 0 0)
			(286.493 0 0)
			(286.931 0 0)
			(287.368 0 0)
			(287.806 0 0)
			(288.244 0 0)
			(288.682 0 0)
			(289.119 0 0)
			(289.557 0 0)
			(289.995 0 0)
			(290.433 0 0)
			(290.87 0 0)
			(291.308 0 0)
			(291.746 0 0)
			(292.183 0 0)
			(292.621 0 0)
			(293.059 0 0)
			(293.497 0 0)
			(293.934 0 0)
			(294.372 0 0)
			(294.81 0 0)
			(295.248 0 0)
			(295.685 0 0)
			(296.123 0 0)
			(296.561 0 0)
			(296.998 0 0)
			(297.436 0 0)
			(297.874 0 0)
			(298.312 0 0)
			(298.749 0 0)
			(299.187 0 0)
			(299.625 0 0)
			(300.063 0 0)
			(300.5 0 0)
			(300.938 0 0)
			(301.376 0 0)
			(301.813 0 0)
			(302.251 0 0)
			(302.689 0 0)
			(303.127 0 0)
			(303.564 0 0)
			(304.002 0 0)
			(304.44 0 0)
			(304.878 0 0)
			(305.315 0 0)
			(305.753 0 0)
			(306.191 0 0)
			(306.628 0 0)
			(307.066 0 0)
			(307.504 0 0)
			(307.942 0 0)
			(308.379 0 0)
			(308.817 0 0)
			(309.255 0 0)
			(309.693 0 0)
			(310.13 0 0)
			(310.568 0 0)
			(311.006 0 0)
			(311.443 0 0)
			(311.881 0 0)
			(312.319 0 0)
			(312.757 0 0)
			(313.194 0 0)
			(313.632 0 0)
			(314.07 0 0)
			(314.508 0 0)
			(314.945 0 0)
			(315.383 0 0)
			(315.821 0 0)
			(316.258 0 0)
			(316.696 0 0)
			(317.134 0 0)
			(317.572 0 0)
			(318.009 0 0)
			(318.447 0 0)
			(318.885 0 0)
			(319.323 0 0)
			(319.76 0 0)
			(320.198 0 0)
			(320.636 0 0)
			(321.073 0 0)
			(321.511 0 0)
			(321.949 0 0)
			(322.387 0 0)
			(322.824 0 0)
			(323.262 0 0)
			(323.7 0 0)
			(324.138 0 0)
			(324.575 0 0)
			(325.013 0 0)
			(325.451 0 0)
			(325.888 0 0)
			(326.326 0 0)
			(326.764 0 0)
			(327.202 0 0)
			(327.639 0 0)
			(328.077 0 0)
			(328.515 0 0)
			(328.953 0 0)
			(329.39 0 0)
			(329.828 0 0)
			(330.266 0 0)
			(330.703 0 0)
			(331.141 0 0)
			(331.579 0 0)
			(332.017 0 0)
			(332.454 0 0)
			(332.892 0 0)
			(333.33 0 0)
			(333.768 0 0)
			(334.205 0 0)
			(334.643 0 0)
			(335.081 0 0)
			(335.518 0 0)
			(335.956 0 0)
			(336.394 0 0)
			(336.832 0 0)
			(337.269 0 0)
			(337.707 0 0)
			(338.145 0 0)
			(338.583 0 0)
			(339.02 0 0)
			(339.458 0 0)
			(339.896 0 0)
			(340.334 0 0)
			(340.771 0 0)
			(341.209 0 0)
			(341.647 0 0)
			(342.084 0 0)
			(342.522 0 0)
			(342.96 0 0)
			(343.398 0 0)
			(343.835 0 0)
			(344.273 0 0)
			(344.711 0 0)
			(345.149 0 0)
			(345.586 0 0)
			(346.024 0 0)
			(346.462 0 0)
			(346.899 0 0)
			(347.337 0 0)
			(347.775 0 0)
			(348.213 0 0)
			(348.65 0 0)
			(349.088 0 0)
			(349.526 0 0)
			(349.964 0 0)
			(350.401 0 0)
			(350.839 0 0)
			(351.277 0 0)
			(351.714 0 0)
			(352.152 0 0)
			(352.59 0 0)
			(353.028 0 0)
			(353.465 0 0)
			(353.903 0 0)
			(354.341 0 0)
			(354.779 0 0)
			(355.216 0 0)
			(355.654 0 0)
			(356.092 0 0)
			(356.529 0 0)
			(356.967 0 0)
			(357.405 0 0)
			(357.843 0 0)
			(358.28 0 0)
			(358.718 0 0)
			(359.156 0 0)
			(359.594 0 0)
			(360.031 0 0)
			(360.469 0 0)
			(360.907 0 0)
			(361.344 0 0)
			(361.782 0 0)
			(362.22 0 0)
			(362.658 0 0)
			(363.095 0 0)
			(363.533 0 0)
			(363.971 0 0)
			(364.409 0 0)
			(364.846 0 0)
			(365.284 0 0)
			(365.722 0 0)
			(366.159 0 0)
			(366.597 0 0)
			(367.035 0 0)
			(367.473 0 0)
			(367.91 0 0)
			(368.348 0 0)
			(368.786 0 0)
			(369.224 0 0)
			(369.661 0 0)
			(370.099 0 0)
			(370.537 0 0)
			(370.974 0 0)
			(371.412 0 0)
			(371.85 0 0)
			(372.288 0 0)
			(372.725 0 0)
			(373.163 0 0)
			(373.601 0 0)
			(374.039 0 0)
			(374.476 0 0)
			(374.914 0 0)
			(375.352 0 0)
			(375.789 0 0)
			(376.227 0 0)
			(376.665 0 0)
			(377.103 0 0)
			(377.54 0 0)
			(377.978 0 0)
			(378.416 0 0)
			(378.854 0 0)
			(379.291 0 0)
			(379.729 0 0)
			(380.167 0 0)
			(380.604 0 0)
			(381.042 0 0)
			(381.48 0 0)
			(381.918 0 0)
			(382.355 0 0)
			(382.793 0 0)
			(383.231 0 0)
			(383.669 0 0)
			(384.106 0 0)
			(384.544 0 0)
			(384.982 0 0)
			(385.419 0 0)
			(385.857 0 0)
			(386.295 0 0)
			(386.733 0 0)
			(387.17 0 0)
			(387.608 0 0)
			(388.046 0 0)
			(388.484 0 0)
			(388.921 0 0)
			(389.359 0 0)
			(389.797 0 0)
			(390.234 0 0)
			(390.672 0 0)
			(391.11 0 0)
			(391.548 0 0)
			(391.985 0 0)
			(392.423 0 0)
			(392.861 0 0)
			(393.299 0 0)
			(393.736 0 0)
			(394.174 0 0)
			(394.612 0 0)
			(395.05 0 0)
			(395.487 0 0)
			(395.925 0 0)
			(396.363 0 0)
			(396.8 0 0)
			(397.238 0 0)
			(397.676 0 0)
			(398.114 0 0)
			(398.551 0 0)
			(398.989 0 0)
			(399.427 0 0)
			(399.865 0 0)
			(400.302 0 0)
			(400.74 0 0)
			(401.178 0 0)
			(401.615 0 0)
			(402.053 0 0)
			(402.491 0 0)
			(402.929 0 0)
			(403.366 0 0)
			(403.804 0 0)
			(404.242 0 0)
			(404.68 0 0)
			(405.117 0 0)
			(405.555 0 0)
			(405.993 0 0)
			(406.43 0 0)
			(406.868 0 0)
			(407.306 0 0)
			(407.744 0 0)
			(408.181 0 0)
			(408.619 0 0)
			(409.057 0 0)
			(409.495 0 0)
			(409.932 0 0)
			(410.37 0 0)
			(410.808 0 0)
			(411.245 0 0)
			(411.683 0 0)
			(412.121 0 0)
			(412.559 0 0)
			(412.996 0 0)
			(413.434 0 0)
			(413.872 0 0)
			(414.31 0 0)
			(414.747 0 0)
			(415.185 0 0)
			(415.623 0 0)
			(416.06 0 0)
			(416.498 0 0)
			(416.936 0 0)
			(417.374 0 0)
			(417.811 0 0)
			(418.249 0 0)
			(418.687 0 0)
			(419.125 0 0)
			(419.562 0 0)
			(420.0 0 0)
		);
        
}