probesSpacial_32PPW
{
        // Where to load it from
        libs ( "libsampling.so" );
        type            probes;
        // Name of the directory for probe data
        name            probesSpacial_32PPW;
        // Write at same frequency as fields
        writeControl   timeStep;
        writeInterval  1;
        // Fields to be probed
        fields
        (
            p
        );

        probeLocations
		(
			(-420.0 0 0)
			(-419.124 0 0)
			(-418.248 0 0)
			(-417.372 0 0)
			(-416.496 0 0)
			(-415.62 0 0)
			(-414.745 0 0)
			(-413.869 0 0)
			(-412.993 0 0)
			(-412.117 0 0)
			(-411.241 0 0)
			(-410.365 0 0)
			(-409.489 0 0)
			(-408.613 0 0)
			(-407.737 0 0)
			(-406.861 0 0)
			(-405.985 0 0)
			(-405.109 0 0)
			(-404.234 0 0)
			(-403.358 0 0)
			(-402.482 0 0)
			(-401.606 0 0)
			(-400.73 0 0)
			(-399.854 0 0)
			(-398.978 0 0)
			(-398.102 0 0)
			(-397.226 0 0)
			(-396.35 0 0)
			(-395.474 0 0)
			(-394.599 0 0)
			(-393.723 0 0)
			(-392.847 0 0)
			(-391.971 0 0)
			(-391.095 0 0)
			(-390.219 0 0)
			(-389.343 0 0)
			(-388.467 0 0)
			(-387.591 0 0)
			(-386.715 0 0)
			(-385.839 0 0)
			(-384.964 0 0)
			(-384.088 0 0)
			(-383.212 0 0)
			(-382.336 0 0)
			(-381.46 0 0)
			(-380.584 0 0)
			(-379.708 0 0)
			(-378.832 0 0)
			(-377.956 0 0)
			(-377.08 0 0)
			(-376.204 0 0)
			(-375.328 0 0)
			(-374.453 0 0)
			(-373.577 0 0)
			(-372.701 0 0)
			(-371.825 0 0)
			(-370.949 0 0)
			(-370.073 0 0)
			(-369.197 0 0)
			(-368.321 0 0)
			(-367.445 0 0)
			(-366.569 0 0)
			(-365.693 0 0)
			(-364.818 0 0)
			(-363.942 0 0)
			(-363.066 0 0)
			(-362.19 0 0)
			(-361.314 0 0)
			(-360.438 0 0)
			(-359.562 0 0)
			(-358.686 0 0)
			(-357.81 0 0)
			(-356.934 0 0)
			(-356.058 0 0)
			(-355.182 0 0)
			(-354.307 0 0)
			(-353.431 0 0)
			(-352.555 0 0)
			(-351.679 0 0)
			(-350.803 0 0)
			(-349.927 0 0)
			(-349.051 0 0)
			(-348.175 0 0)
			(-347.299 0 0)
			(-346.423 0 0)
			(-345.547 0 0)
			(-344.672 0 0)
			(-343.796 0 0)
			(-342.92 0 0)
			(-342.044 0 0)
			(-341.168 0 0)
			(-340.292 0 0)
			(-339.416 0 0)
			(-338.54 0 0)
			(-337.664 0 0)
			(-336.788 0 0)
			(-335.912 0 0)
			(-335.036 0 0)
			(-334.161 0 0)
			(-333.285 0 0)
			(-332.409 0 0)
			(-331.533 0 0)
			(-330.657 0 0)
			(-329.781 0 0)
			(-328.905 0 0)
			(-328.029 0 0)
			(-327.153 0 0)
			(-326.277 0 0)
			(-325.401 0 0)
			(-324.526 0 0)
			(-323.65 0 0)
			(-322.774 0 0)
			(-321.898 0 0)
			(-321.022 0 0)
			(-320.146 0 0)
			(-319.27 0 0)
			(-318.394 0 0)
			(-317.518 0 0)
			(-316.642 0 0)
			(-315.766 0 0)
			(-314.891 0 0)
			(-314.015 0 0)
			(-313.139 0 0)
			(-312.263 0 0)
			(-311.387 0 0)
			(-310.511 0 0)
			(-309.635 0 0)
			(-308.759 0 0)
			(-307.883 0 0)
			(-307.007 0 0)
			(-306.131 0 0)
			(-305.255 0 0)
			(-304.38 0 0)
			(-303.504 0 0)
			(-302.628 0 0)
			(-301.752 0 0)
			(-300.876 0 0)
			(-300.0 0 0)
			(-299.124 0 0)
			(-298.248 0 0)
			(-297.372 0 0)
			(-296.496 0 0)
			(-295.62 0 0)
			(-294.745 0 0)
			(-293.869 0 0)
			(-292.993 0 0)
			(-292.117 0 0)
			(-291.241 0 0)
			(-290.365 0 0)
			(-289.489 0 0)
			(-288.613 0 0)
			(-287.737 0 0)
			(-286.861 0 0)
			(-285.985 0 0)
			(-285.109 0 0)
			(-284.234 0 0)
			(-283.358 0 0)
			(-282.482 0 0)
			(-281.606 0 0)
			(-280.73 0 0)
			(-279.854 0 0)
			(-278.978 0 0)
			(-278.102 0 0)
			(-277.226 0 0)
			(-276.35 0 0)
			(-275.474 0 0)
			(-274.599 0 0)
			(-273.723 0 0)
			(-272.847 0 0)
			(-271.971 0 0)
			(-271.095 0 0)
			(-270.219 0 0)
			(-269.343 0 0)
			(-268.467 0 0)
			(-267.591 0 0)
			(-266.715 0 0)
			(-265.839 0 0)
			(-264.964 0 0)
			(-264.088 0 0)
			(-263.212 0 0)
			(-262.336 0 0)
			(-261.46 0 0)
			(-260.584 0 0)
			(-259.708 0 0)
			(-258.832 0 0)
			(-257.956 0 0)
			(-257.08 0 0)
			(-256.204 0 0)
			(-255.328 0 0)
			(-254.453 0 0)
			(-253.577 0 0)
			(-252.701 0 0)
			(-251.825 0 0)
			(-250.949 0 0)
			(-250.073 0 0)
			(-249.197 0 0)
			(-248.321 0 0)
			(-247.445 0 0)
			(-246.569 0 0)
			(-245.693 0 0)
			(-244.818 0 0)
			(-243.942 0 0)
			(-243.066 0 0)
			(-242.19 0 0)
			(-241.314 0 0)
			(-240.438 0 0)
			(-239.562 0 0)
			(-238.686 0 0)
			(-237.81 0 0)
			(-236.934 0 0)
			(-236.058 0 0)
			(-235.182 0 0)
			(-234.307 0 0)
			(-233.431 0 0)
			(-232.555 0 0)
			(-231.679 0 0)
			(-230.803 0 0)
			(-229.927 0 0)
			(-229.051 0 0)
			(-228.175 0 0)
			(-227.299 0 0)
			(-226.423 0 0)
			(-225.547 0 0)
			(-224.672 0 0)
			(-223.796 0 0)
			(-222.92 0 0)
			(-222.044 0 0)
			(-221.168 0 0)
			(-220.292 0 0)
			(-219.416 0 0)
			(-218.54 0 0)
			(-217.664 0 0)
			(-216.788 0 0)
			(-215.912 0 0)
			(-215.036 0 0)
			(-214.161 0 0)
			(-213.285 0 0)
			(-212.409 0 0)
			(-211.533 0 0)
			(-210.657 0 0)
			(-209.781 0 0)
			(-208.905 0 0)
			(-208.029 0 0)
			(-207.153 0 0)
			(-206.277 0 0)
			(-205.401 0 0)
			(-204.526 0 0)
			(-203.65 0 0)
			(-202.774 0 0)
			(-201.898 0 0)
			(-201.022 0 0)
			(-200.146 0 0)
			(-199.27 0 0)
			(-198.394 0 0)
			(-197.518 0 0)
			(-196.642 0 0)
			(-195.766 0 0)
			(-194.891 0 0)
			(-194.015 0 0)
			(-193.139 0 0)
			(-192.263 0 0)
			(-191.387 0 0)
			(-190.511 0 0)
			(-189.635 0 0)
			(-188.759 0 0)
			(-187.883 0 0)
			(-187.007 0 0)
			(-186.131 0 0)
			(-185.255 0 0)
			(-184.38 0 0)
			(-183.504 0 0)
			(-182.628 0 0)
			(-181.752 0 0)
			(-180.876 0 0)
			(-180.0 0 0)
			(-179.124 0 0)
			(-178.248 0 0)
			(-177.372 0 0)
			(-176.496 0 0)
			(-175.62 0 0)
			(-174.745 0 0)
			(-173.869 0 0)
			(-172.993 0 0)
			(-172.117 0 0)
			(-171.241 0 0)
			(-170.365 0 0)
			(-169.489 0 0)
			(-168.613 0 0)
			(-167.737 0 0)
			(-166.861 0 0)
			(-165.985 0 0)
			(-165.109 0 0)
			(-164.234 0 0)
			(-163.358 0 0)
			(-162.482 0 0)
			(-161.606 0 0)
			(-160.73 0 0)
			(-159.854 0 0)
			(-158.978 0 0)
			(-158.102 0 0)
			(-157.226 0 0)
			(-156.35 0 0)
			(-155.474 0 0)
			(-154.599 0 0)
			(-153.723 0 0)
			(-152.847 0 0)
			(-151.971 0 0)
			(-151.095 0 0)
			(-150.219 0 0)
			(-149.343 0 0)
			(-148.467 0 0)
			(-147.591 0 0)
			(-146.715 0 0)
			(-145.839 0 0)
			(-144.964 0 0)
			(-144.088 0 0)
			(-143.212 0 0)
			(-142.336 0 0)
			(-141.46 0 0)
			(-140.584 0 0)
			(-139.708 0 0)
			(-138.832 0 0)
			(-137.956 0 0)
			(-137.08 0 0)
			(-136.204 0 0)
			(-135.328 0 0)
			(-134.453 0 0)
			(-133.577 0 0)
			(-132.701 0 0)
			(-131.825 0 0)
			(-130.949 0 0)
			(-130.073 0 0)
			(-129.197 0 0)
			(-128.321 0 0)
			(-127.445 0 0)
			(-126.569 0 0)
			(-125.693 0 0)
			(-124.818 0 0)
			(-123.942 0 0)
			(-123.066 0 0)
			(-122.19 0 0)
			(-121.314 0 0)
			(-120.438 0 0)
			(-119.562 0 0)
			(-118.686 0 0)
			(-117.81 0 0)
			(-116.934 0 0)
			(-116.058 0 0)
			(-115.182 0 0)
			(-114.307 0 0)
			(-113.431 0 0)
			(-112.555 0 0)
			(-111.679 0 0)
			(-110.803 0 0)
			(-109.927 0 0)
			(-109.051 0 0)
			(-108.175 0 0)
			(-107.299 0 0)
			(-106.423 0 0)
			(-105.547 0 0)
			(-104.672 0 0)
			(-103.796 0 0)
			(-102.92 0 0)
			(-102.044 0 0)
			(-101.168 0 0)
			(-100.292 0 0)
			(-99.416 0 0)
			(-98.54 0 0)
			(-97.664 0 0)
			(-96.788 0 0)
			(-95.912 0 0)
			(-95.036 0 0)
			(-94.161 0 0)
			(-93.285 0 0)
			(-92.409 0 0)
			(-91.533 0 0)
			(-90.657 0 0)
			(-89.781 0 0)
			(-88.905 0 0)
			(-88.029 0 0)
			(-87.153 0 0)
			(-86.277 0 0)
			(-85.401 0 0)
			(-84.526 0 0)
			(-83.65 0 0)
			(-82.774 0 0)
			(-81.898 0 0)
			(-81.022 0 0)
			(-80.146 0 0)
			(-79.27 0 0)
			(-78.394 0 0)
			(-77.518 0 0)
			(-76.642 0 0)
			(-75.766 0 0)
			(-74.891 0 0)
			(-74.015 0 0)
			(-73.139 0 0)
			(-72.263 0 0)
			(-71.387 0 0)
			(-70.511 0 0)
			(-69.635 0 0)
			(-68.759 0 0)
			(-67.883 0 0)
			(-67.007 0 0)
			(-66.131 0 0)
			(-65.255 0 0)
			(-64.38 0 0)
			(-63.504 0 0)
			(-62.628 0 0)
			(-61.752 0 0)
			(-60.876 0 0)
			(-60.0 0 0)
			(-59.124 0 0)
			(-58.248 0 0)
			(-57.372 0 0)
			(-56.496 0 0)
			(-55.62 0 0)
			(-54.745 0 0)
			(-53.869 0 0)
			(-52.993 0 0)
			(-52.117 0 0)
			(-51.241 0 0)
			(-50.365 0 0)
			(-49.489 0 0)
			(-48.613 0 0)
			(-47.737 0 0)
			(-46.861 0 0)
			(-45.985 0 0)
			(-45.109 0 0)
			(-44.234 0 0)
			(-43.358 0 0)
			(-42.482 0 0)
			(-41.606 0 0)
			(-40.73 0 0)
			(-39.854 0 0)
			(-38.978 0 0)
			(-38.102 0 0)
			(-37.226 0 0)
			(-36.35 0 0)
			(-35.474 0 0)
			(-34.599 0 0)
			(-33.723 0 0)
			(-32.847 0 0)
			(-31.971 0 0)
			(-31.095 0 0)
			(-30.219 0 0)
			(-29.343 0 0)
			(-28.467 0 0)
			(-27.591 0 0)
			(-26.715 0 0)
			(-25.839 0 0)
			(-24.964 0 0)
			(-24.088 0 0)
			(-23.212 0 0)
			(-22.336 0 0)
			(-21.46 0 0)
			(-20.584 0 0)
			(-19.708 0 0)
			(-18.832 0 0)
			(-17.956 0 0)
			(-17.08 0 0)
			(-16.204 0 0)
			(-15.328 0 0)
			(-14.453 0 0)
			(-13.577 0 0)
			(-12.701 0 0)
			(-11.825 0 0)
			(-10.949 0 0)
			(-10.073 0 0)
			(-9.197 0 0)
			(-8.321 0 0)
			(-7.445 0 0)
			(-6.569 0 0)
			(-5.693 0 0)
			(-4.818 0 0)
			(-3.942 0 0)
			(-3.066 0 0)
			(-2.19 0 0)
			(-1.314 0 0)
			(-0.438 0 0)
			(0.438 0 0)
			(1.314 0 0)
			(2.19 0 0)
			(3.066 0 0)
			(3.942 0 0)
			(4.818 0 0)
			(5.693 0 0)
			(6.569 0 0)
			(7.445 0 0)
			(8.321 0 0)
			(9.197 0 0)
			(10.073 0 0)
			(10.949 0 0)
			(11.825 0 0)
			(12.701 0 0)
			(13.577 0 0)
			(14.453 0 0)
			(15.328 0 0)
			(16.204 0 0)
			(17.08 0 0)
			(17.956 0 0)
			(18.832 0 0)
			(19.708 0 0)
			(20.584 0 0)
			(21.46 0 0)
			(22.336 0 0)
			(23.212 0 0)
			(24.088 0 0)
			(24.964 0 0)
			(25.839 0 0)
			(26.715 0 0)
			(27.591 0 0)
			(28.467 0 0)
			(29.343 0 0)
			(30.219 0 0)
			(31.095 0 0)
			(31.971 0 0)
			(32.847 0 0)
			(33.723 0 0)
			(34.599 0 0)
			(35.474 0 0)
			(36.35 0 0)
			(37.226 0 0)
			(38.102 0 0)
			(38.978 0 0)
			(39.854 0 0)
			(40.73 0 0)
			(41.606 0 0)
			(42.482 0 0)
			(43.358 0 0)
			(44.234 0 0)
			(45.109 0 0)
			(45.985 0 0)
			(46.861 0 0)
			(47.737 0 0)
			(48.613 0 0)
			(49.489 0 0)
			(50.365 0 0)
			(51.241 0 0)
			(52.117 0 0)
			(52.993 0 0)
			(53.869 0 0)
			(54.745 0 0)
			(55.62 0 0)
			(56.496 0 0)
			(57.372 0 0)
			(58.248 0 0)
			(59.124 0 0)
			(60.0 0 0)
			(60.876 0 0)
			(61.752 0 0)
			(62.628 0 0)
			(63.504 0 0)
			(64.38 0 0)
			(65.255 0 0)
			(66.131 0 0)
			(67.007 0 0)
			(67.883 0 0)
			(68.759 0 0)
			(69.635 0 0)
			(70.511 0 0)
			(71.387 0 0)
			(72.263 0 0)
			(73.139 0 0)
			(74.015 0 0)
			(74.891 0 0)
			(75.766 0 0)
			(76.642 0 0)
			(77.518 0 0)
			(78.394 0 0)
			(79.27 0 0)
			(80.146 0 0)
			(81.022 0 0)
			(81.898 0 0)
			(82.774 0 0)
			(83.65 0 0)
			(84.526 0 0)
			(85.401 0 0)
			(86.277 0 0)
			(87.153 0 0)
			(88.029 0 0)
			(88.905 0 0)
			(89.781 0 0)
			(90.657 0 0)
			(91.533 0 0)
			(92.409 0 0)
			(93.285 0 0)
			(94.161 0 0)
			(95.036 0 0)
			(95.912 0 0)
			(96.788 0 0)
			(97.664 0 0)
			(98.54 0 0)
			(99.416 0 0)
			(100.292 0 0)
			(101.168 0 0)
			(102.044 0 0)
			(102.92 0 0)
			(103.796 0 0)
			(104.672 0 0)
			(105.547 0 0)
			(106.423 0 0)
			(107.299 0 0)
			(108.175 0 0)
			(109.051 0 0)
			(109.927 0 0)
			(110.803 0 0)
			(111.679 0 0)
			(112.555 0 0)
			(113.431 0 0)
			(114.307 0 0)
			(115.182 0 0)
			(116.058 0 0)
			(116.934 0 0)
			(117.81 0 0)
			(118.686 0 0)
			(119.562 0 0)
			(120.438 0 0)
			(121.314 0 0)
			(122.19 0 0)
			(123.066 0 0)
			(123.942 0 0)
			(124.818 0 0)
			(125.693 0 0)
			(126.569 0 0)
			(127.445 0 0)
			(128.321 0 0)
			(129.197 0 0)
			(130.073 0 0)
			(130.949 0 0)
			(131.825 0 0)
			(132.701 0 0)
			(133.577 0 0)
			(134.453 0 0)
			(135.328 0 0)
			(136.204 0 0)
			(137.08 0 0)
			(137.956 0 0)
			(138.832 0 0)
			(139.708 0 0)
			(140.584 0 0)
			(141.46 0 0)
			(142.336 0 0)
			(143.212 0 0)
			(144.088 0 0)
			(144.964 0 0)
			(145.839 0 0)
			(146.715 0 0)
			(147.591 0 0)
			(148.467 0 0)
			(149.343 0 0)
			(150.219 0 0)
			(151.095 0 0)
			(151.971 0 0)
			(152.847 0 0)
			(153.723 0 0)
			(154.599 0 0)
			(155.474 0 0)
			(156.35 0 0)
			(157.226 0 0)
			(158.102 0 0)
			(158.978 0 0)
			(159.854 0 0)
			(160.73 0 0)
			(161.606 0 0)
			(162.482 0 0)
			(163.358 0 0)
			(164.234 0 0)
			(165.109 0 0)
			(165.985 0 0)
			(166.861 0 0)
			(167.737 0 0)
			(168.613 0 0)
			(169.489 0 0)
			(170.365 0 0)
			(171.241 0 0)
			(172.117 0 0)
			(172.993 0 0)
			(173.869 0 0)
			(174.745 0 0)
			(175.62 0 0)
			(176.496 0 0)
			(177.372 0 0)
			(178.248 0 0)
			(179.124 0 0)
			(180.0 0 0)
			(180.876 0 0)
			(181.752 0 0)
			(182.628 0 0)
			(183.504 0 0)
			(184.38 0 0)
			(185.255 0 0)
			(186.131 0 0)
			(187.007 0 0)
			(187.883 0 0)
			(188.759 0 0)
			(189.635 0 0)
			(190.511 0 0)
			(191.387 0 0)
			(192.263 0 0)
			(193.139 0 0)
			(194.015 0 0)
			(194.891 0 0)
			(195.766 0 0)
			(196.642 0 0)
			(197.518 0 0)
			(198.394 0 0)
			(199.27 0 0)
			(200.146 0 0)
			(201.022 0 0)
			(201.898 0 0)
			(202.774 0 0)
			(203.65 0 0)
			(204.526 0 0)
			(205.401 0 0)
			(206.277 0 0)
			(207.153 0 0)
			(208.029 0 0)
			(208.905 0 0)
			(209.781 0 0)
			(210.657 0 0)
			(211.533 0 0)
			(212.409 0 0)
			(213.285 0 0)
			(214.161 0 0)
			(215.036 0 0)
			(215.912 0 0)
			(216.788 0 0)
			(217.664 0 0)
			(218.54 0 0)
			(219.416 0 0)
			(220.292 0 0)
			(221.168 0 0)
			(222.044 0 0)
			(222.92 0 0)
			(223.796 0 0)
			(224.672 0 0)
			(225.547 0 0)
			(226.423 0 0)
			(227.299 0 0)
			(228.175 0 0)
			(229.051 0 0)
			(229.927 0 0)
			(230.803 0 0)
			(231.679 0 0)
			(232.555 0 0)
			(233.431 0 0)
			(234.307 0 0)
			(235.182 0 0)
			(236.058 0 0)
			(236.934 0 0)
			(237.81 0 0)
			(238.686 0 0)
			(239.562 0 0)
			(240.438 0 0)
			(241.314 0 0)
			(242.19 0 0)
			(243.066 0 0)
			(243.942 0 0)
			(244.818 0 0)
			(245.693 0 0)
			(246.569 0 0)
			(247.445 0 0)
			(248.321 0 0)
			(249.197 0 0)
			(250.073 0 0)
			(250.949 0 0)
			(251.825 0 0)
			(252.701 0 0)
			(253.577 0 0)
			(254.453 0 0)
			(255.328 0 0)
			(256.204 0 0)
			(257.08 0 0)
			(257.956 0 0)
			(258.832 0 0)
			(259.708 0 0)
			(260.584 0 0)
			(261.46 0 0)
			(262.336 0 0)
			(263.212 0 0)
			(264.088 0 0)
			(264.964 0 0)
			(265.839 0 0)
			(266.715 0 0)
			(267.591 0 0)
			(268.467 0 0)
			(269.343 0 0)
			(270.219 0 0)
			(271.095 0 0)
			(271.971 0 0)
			(272.847 0 0)
			(273.723 0 0)
			(274.599 0 0)
			(275.474 0 0)
			(276.35 0 0)
			(277.226 0 0)
			(278.102 0 0)
			(278.978 0 0)
			(279.854 0 0)
			(280.73 0 0)
			(281.606 0 0)
			(282.482 0 0)
			(283.358 0 0)
			(284.234 0 0)
			(285.109 0 0)
			(285.985 0 0)
			(286.861 0 0)
			(287.737 0 0)
			(288.613 0 0)
			(289.489 0 0)
			(290.365 0 0)
			(291.241 0 0)
			(292.117 0 0)
			(292.993 0 0)
			(293.869 0 0)
			(294.745 0 0)
			(295.62 0 0)
			(296.496 0 0)
			(297.372 0 0)
			(298.248 0 0)
			(299.124 0 0)
			(300.0 0 0)
			(300.876 0 0)
			(301.752 0 0)
			(302.628 0 0)
			(303.504 0 0)
			(304.38 0 0)
			(305.255 0 0)
			(306.131 0 0)
			(307.007 0 0)
			(307.883 0 0)
			(308.759 0 0)
			(309.635 0 0)
			(310.511 0 0)
			(311.387 0 0)
			(312.263 0 0)
			(313.139 0 0)
			(314.015 0 0)
			(314.891 0 0)
			(315.766 0 0)
			(316.642 0 0)
			(317.518 0 0)
			(318.394 0 0)
			(319.27 0 0)
			(320.146 0 0)
			(321.022 0 0)
			(321.898 0 0)
			(322.774 0 0)
			(323.65 0 0)
			(324.526 0 0)
			(325.401 0 0)
			(326.277 0 0)
			(327.153 0 0)
			(328.029 0 0)
			(328.905 0 0)
			(329.781 0 0)
			(330.657 0 0)
			(331.533 0 0)
			(332.409 0 0)
			(333.285 0 0)
			(334.161 0 0)
			(335.036 0 0)
			(335.912 0 0)
			(336.788 0 0)
			(337.664 0 0)
			(338.54 0 0)
			(339.416 0 0)
			(340.292 0 0)
			(341.168 0 0)
			(342.044 0 0)
			(342.92 0 0)
			(343.796 0 0)
			(344.672 0 0)
			(345.547 0 0)
			(346.423 0 0)
			(347.299 0 0)
			(348.175 0 0)
			(349.051 0 0)
			(349.927 0 0)
			(350.803 0 0)
			(351.679 0 0)
			(352.555 0 0)
			(353.431 0 0)
			(354.307 0 0)
			(355.182 0 0)
			(356.058 0 0)
			(356.934 0 0)
			(357.81 0 0)
			(358.686 0 0)
			(359.562 0 0)
			(360.438 0 0)
			(361.314 0 0)
			(362.19 0 0)
			(363.066 0 0)
			(363.942 0 0)
			(364.818 0 0)
			(365.693 0 0)
			(366.569 0 0)
			(367.445 0 0)
			(368.321 0 0)
			(369.197 0 0)
			(370.073 0 0)
			(370.949 0 0)
			(371.825 0 0)
			(372.701 0 0)
			(373.577 0 0)
			(374.453 0 0)
			(375.328 0 0)
			(376.204 0 0)
			(377.08 0 0)
			(377.956 0 0)
			(378.832 0 0)
			(379.708 0 0)
			(380.584 0 0)
			(381.46 0 0)
			(382.336 0 0)
			(383.212 0 0)
			(384.088 0 0)
			(384.964 0 0)
			(385.839 0 0)
			(386.715 0 0)
			(387.591 0 0)
			(388.467 0 0)
			(389.343 0 0)
			(390.219 0 0)
			(391.095 0 0)
			(391.971 0 0)
			(392.847 0 0)
			(393.723 0 0)
			(394.599 0 0)
			(395.474 0 0)
			(396.35 0 0)
			(397.226 0 0)
			(398.102 0 0)
			(398.978 0 0)
			(399.854 0 0)
			(400.73 0 0)
			(401.606 0 0)
			(402.482 0 0)
			(403.358 0 0)
			(404.234 0 0)
			(405.109 0 0)
			(405.985 0 0)
			(406.861 0 0)
			(407.737 0 0)
			(408.613 0 0)
			(409.489 0 0)
			(410.365 0 0)
			(411.241 0 0)
			(412.117 0 0)
			(412.993 0 0)
			(413.869 0 0)
			(414.745 0 0)
			(415.62 0 0)
			(416.496 0 0)
			(417.372 0 0)
			(418.248 0 0)
			(419.124 0 0)
			(420.0 0 0)
		);
        
}