probesSpacial_16PPW
{
        // Where to load it from
        libs ( "libsampling.so" );
        type            probes;
        // Name of the directory for probe data
        name            probesSpacial_16PPW;
        // Write at same frequency as fields
        writeControl   timeStep;
        writeInterval  1;
        // Fields to be probed
        fields
        (
            p
        );

        probeLocations
		(
			(-420.0 0 0)
			(-418.246 0 0)
			(-416.493 0 0)
			(-414.739 0 0)
			(-412.985 0 0)
			(-411.232 0 0)
			(-409.478 0 0)
			(-407.724 0 0)
			(-405.971 0 0)
			(-404.217 0 0)
			(-402.463 0 0)
			(-400.71 0 0)
			(-398.956 0 0)
			(-397.203 0 0)
			(-395.449 0 0)
			(-393.695 0 0)
			(-391.942 0 0)
			(-390.188 0 0)
			(-388.434 0 0)
			(-386.681 0 0)
			(-384.927 0 0)
			(-383.173 0 0)
			(-381.42 0 0)
			(-379.666 0 0)
			(-377.912 0 0)
			(-376.159 0 0)
			(-374.405 0 0)
			(-372.651 0 0)
			(-370.898 0 0)
			(-369.144 0 0)
			(-367.39 0 0)
			(-365.637 0 0)
			(-363.883 0 0)
			(-362.129 0 0)
			(-360.376 0 0)
			(-358.622 0 0)
			(-356.868 0 0)
			(-355.115 0 0)
			(-353.361 0 0)
			(-351.608 0 0)
			(-349.854 0 0)
			(-348.1 0 0)
			(-346.347 0 0)
			(-344.593 0 0)
			(-342.839 0 0)
			(-341.086 0 0)
			(-339.332 0 0)
			(-337.578 0 0)
			(-335.825 0 0)
			(-334.071 0 0)
			(-332.317 0 0)
			(-330.564 0 0)
			(-328.81 0 0)
			(-327.056 0 0)
			(-325.303 0 0)
			(-323.549 0 0)
			(-321.795 0 0)
			(-320.042 0 0)
			(-318.288 0 0)
			(-316.534 0 0)
			(-314.781 0 0)
			(-313.027 0 0)
			(-311.273 0 0)
			(-309.52 0 0)
			(-307.766 0 0)
			(-306.013 0 0)
			(-304.259 0 0)
			(-302.505 0 0)
			(-300.752 0 0)
			(-298.998 0 0)
			(-297.244 0 0)
			(-295.491 0 0)
			(-293.737 0 0)
			(-291.983 0 0)
			(-290.23 0 0)
			(-288.476 0 0)
			(-286.722 0 0)
			(-284.969 0 0)
			(-283.215 0 0)
			(-281.461 0 0)
			(-279.708 0 0)
			(-277.954 0 0)
			(-276.2 0 0)
			(-274.447 0 0)
			(-272.693 0 0)
			(-270.939 0 0)
			(-269.186 0 0)
			(-267.432 0 0)
			(-265.678 0 0)
			(-263.925 0 0)
			(-262.171 0 0)
			(-260.418 0 0)
			(-258.664 0 0)
			(-256.91 0 0)
			(-255.157 0 0)
			(-253.403 0 0)
			(-251.649 0 0)
			(-249.896 0 0)
			(-248.142 0 0)
			(-246.388 0 0)
			(-244.635 0 0)
			(-242.881 0 0)
			(-241.127 0 0)
			(-239.374 0 0)
			(-237.62 0 0)
			(-235.866 0 0)
			(-234.113 0 0)
			(-232.359 0 0)
			(-230.605 0 0)
			(-228.852 0 0)
			(-227.098 0 0)
			(-225.344 0 0)
			(-223.591 0 0)
			(-221.837 0 0)
			(-220.084 0 0)
			(-218.33 0 0)
			(-216.576 0 0)
			(-214.823 0 0)
			(-213.069 0 0)
			(-211.315 0 0)
			(-209.562 0 0)
			(-207.808 0 0)
			(-206.054 0 0)
			(-204.301 0 0)
			(-202.547 0 0)
			(-200.793 0 0)
			(-199.04 0 0)
			(-197.286 0 0)
			(-195.532 0 0)
			(-193.779 0 0)
			(-192.025 0 0)
			(-190.271 0 0)
			(-188.518 0 0)
			(-186.764 0 0)
			(-185.01 0 0)
			(-183.257 0 0)
			(-181.503 0 0)
			(-179.749 0 0)
			(-177.996 0 0)
			(-176.242 0 0)
			(-174.489 0 0)
			(-172.735 0 0)
			(-170.981 0 0)
			(-169.228 0 0)
			(-167.474 0 0)
			(-165.72 0 0)
			(-163.967 0 0)
			(-162.213 0 0)
			(-160.459 0 0)
			(-158.706 0 0)
			(-156.952 0 0)
			(-155.198 0 0)
			(-153.445 0 0)
			(-151.691 0 0)
			(-149.937 0 0)
			(-148.184 0 0)
			(-146.43 0 0)
			(-144.676 0 0)
			(-142.923 0 0)
			(-141.169 0 0)
			(-139.415 0 0)
			(-137.662 0 0)
			(-135.908 0 0)
			(-134.154 0 0)
			(-132.401 0 0)
			(-130.647 0 0)
			(-128.894 0 0)
			(-127.14 0 0)
			(-125.386 0 0)
			(-123.633 0 0)
			(-121.879 0 0)
			(-120.125 0 0)
			(-118.372 0 0)
			(-116.618 0 0)
			(-114.864 0 0)
			(-113.111 0 0)
			(-111.357 0 0)
			(-109.603 0 0)
			(-107.85 0 0)
			(-106.096 0 0)
			(-104.342 0 0)
			(-102.589 0 0)
			(-100.835 0 0)
			(-99.081 0 0)
			(-97.328 0 0)
			(-95.574 0 0)
			(-93.82 0 0)
			(-92.067 0 0)
			(-90.313 0 0)
			(-88.559 0 0)
			(-86.806 0 0)
			(-85.052 0 0)
			(-83.299 0 0)
			(-81.545 0 0)
			(-79.791 0 0)
			(-78.038 0 0)
			(-76.284 0 0)
			(-74.53 0 0)
			(-72.777 0 0)
			(-71.023 0 0)
			(-69.269 0 0)
			(-67.516 0 0)
			(-65.762 0 0)
			(-64.008 0 0)
			(-62.255 0 0)
			(-60.501 0 0)
			(-58.747 0 0)
			(-56.994 0 0)
			(-55.24 0 0)
			(-53.486 0 0)
			(-51.733 0 0)
			(-49.979 0 0)
			(-48.225 0 0)
			(-46.472 0 0)
			(-44.718 0 0)
			(-42.965 0 0)
			(-41.211 0 0)
			(-39.457 0 0)
			(-37.704 0 0)
			(-35.95 0 0)
			(-34.196 0 0)
			(-32.443 0 0)
			(-30.689 0 0)
			(-28.935 0 0)
			(-27.182 0 0)
			(-25.428 0 0)
			(-23.674 0 0)
			(-21.921 0 0)
			(-20.167 0 0)
			(-18.413 0 0)
			(-16.66 0 0)
			(-14.906 0 0)
			(-13.152 0 0)
			(-11.399 0 0)
			(-9.645 0 0)
			(-7.891 0 0)
			(-6.138 0 0)
			(-4.384 0 0)
			(-2.63 0 0)
			(-0.877 0 0)
			(0.877 0 0)
			(2.63 0 0)
			(4.384 0 0)
			(6.138 0 0)
			(7.891 0 0)
			(9.645 0 0)
			(11.399 0 0)
			(13.152 0 0)
			(14.906 0 0)
			(16.66 0 0)
			(18.413 0 0)
			(20.167 0 0)
			(21.921 0 0)
			(23.674 0 0)
			(25.428 0 0)
			(27.182 0 0)
			(28.935 0 0)
			(30.689 0 0)
			(32.443 0 0)
			(34.196 0 0)
			(35.95 0 0)
			(37.704 0 0)
			(39.457 0 0)
			(41.211 0 0)
			(42.965 0 0)
			(44.718 0 0)
			(46.472 0 0)
			(48.225 0 0)
			(49.979 0 0)
			(51.733 0 0)
			(53.486 0 0)
			(55.24 0 0)
			(56.994 0 0)
			(58.747 0 0)
			(60.501 0 0)
			(62.255 0 0)
			(64.008 0 0)
			(65.762 0 0)
			(67.516 0 0)
			(69.269 0 0)
			(71.023 0 0)
			(72.777 0 0)
			(74.53 0 0)
			(76.284 0 0)
			(78.038 0 0)
			(79.791 0 0)
			(81.545 0 0)
			(83.299 0 0)
			(85.052 0 0)
			(86.806 0 0)
			(88.559 0 0)
			(90.313 0 0)
			(92.067 0 0)
			(93.82 0 0)
			(95.574 0 0)
			(97.328 0 0)
			(99.081 0 0)
			(100.835 0 0)
			(102.589 0 0)
			(104.342 0 0)
			(106.096 0 0)
			(107.85 0 0)
			(109.603 0 0)
			(111.357 0 0)
			(113.111 0 0)
			(114.864 0 0)
			(116.618 0 0)
			(118.372 0 0)
			(120.125 0 0)
			(121.879 0 0)
			(123.633 0 0)
			(125.386 0 0)
			(127.14 0 0)
			(128.894 0 0)
			(130.647 0 0)
			(132.401 0 0)
			(134.154 0 0)
			(135.908 0 0)
			(137.662 0 0)
			(139.415 0 0)
			(141.169 0 0)
			(142.923 0 0)
			(144.676 0 0)
			(146.43 0 0)
			(148.184 0 0)
			(149.937 0 0)
			(151.691 0 0)
			(153.445 0 0)
			(155.198 0 0)
			(156.952 0 0)
			(158.706 0 0)
			(160.459 0 0)
			(162.213 0 0)
			(163.967 0 0)
			(165.72 0 0)
			(167.474 0 0)
			(169.228 0 0)
			(170.981 0 0)
			(172.735 0 0)
			(174.489 0 0)
			(176.242 0 0)
			(177.996 0 0)
			(179.749 0 0)
			(181.503 0 0)
			(183.257 0 0)
			(185.01 0 0)
			(186.764 0 0)
			(188.518 0 0)
			(190.271 0 0)
			(192.025 0 0)
			(193.779 0 0)
			(195.532 0 0)
			(197.286 0 0)
			(199.04 0 0)
			(200.793 0 0)
			(202.547 0 0)
			(204.301 0 0)
			(206.054 0 0)
			(207.808 0 0)
			(209.562 0 0)
			(211.315 0 0)
			(213.069 0 0)
			(214.823 0 0)
			(216.576 0 0)
			(218.33 0 0)
			(220.084 0 0)
			(221.837 0 0)
			(223.591 0 0)
			(225.344 0 0)
			(227.098 0 0)
			(228.852 0 0)
			(230.605 0 0)
			(232.359 0 0)
			(234.113 0 0)
			(235.866 0 0)
			(237.62 0 0)
			(239.374 0 0)
			(241.127 0 0)
			(242.881 0 0)
			(244.635 0 0)
			(246.388 0 0)
			(248.142 0 0)
			(249.896 0 0)
			(251.649 0 0)
			(253.403 0 0)
			(255.157 0 0)
			(256.91 0 0)
			(258.664 0 0)
			(260.418 0 0)
			(262.171 0 0)
			(263.925 0 0)
			(265.678 0 0)
			(267.432 0 0)
			(269.186 0 0)
			(270.939 0 0)
			(272.693 0 0)
			(274.447 0 0)
			(276.2 0 0)
			(277.954 0 0)
			(279.708 0 0)
			(281.461 0 0)
			(283.215 0 0)
			(284.969 0 0)
			(286.722 0 0)
			(288.476 0 0)
			(290.23 0 0)
			(291.983 0 0)
			(293.737 0 0)
			(295.491 0 0)
			(297.244 0 0)
			(298.998 0 0)
			(300.752 0 0)
			(302.505 0 0)
			(304.259 0 0)
			(306.013 0 0)
			(307.766 0 0)
			(309.52 0 0)
			(311.273 0 0)
			(313.027 0 0)
			(314.781 0 0)
			(316.534 0 0)
			(318.288 0 0)
			(320.042 0 0)
			(321.795 0 0)
			(323.549 0 0)
			(325.303 0 0)
			(327.056 0 0)
			(328.81 0 0)
			(330.564 0 0)
			(332.317 0 0)
			(334.071 0 0)
			(335.825 0 0)
			(337.578 0 0)
			(339.332 0 0)
			(341.086 0 0)
			(342.839 0 0)
			(344.593 0 0)
			(346.347 0 0)
			(348.1 0 0)
			(349.854 0 0)
			(351.608 0 0)
			(353.361 0 0)
			(355.115 0 0)
			(356.868 0 0)
			(358.622 0 0)
			(360.376 0 0)
			(362.129 0 0)
			(363.883 0 0)
			(365.637 0 0)
			(367.39 0 0)
			(369.144 0 0)
			(370.898 0 0)
			(372.651 0 0)
			(374.405 0 0)
			(376.159 0 0)
			(377.912 0 0)
			(379.666 0 0)
			(381.42 0 0)
			(383.173 0 0)
			(384.927 0 0)
			(386.681 0 0)
			(388.434 0 0)
			(390.188 0 0)
			(391.942 0 0)
			(393.695 0 0)
			(395.449 0 0)
			(397.203 0 0)
			(398.956 0 0)
			(400.71 0 0)
			(402.463 0 0)
			(404.217 0 0)
			(405.971 0 0)
			(407.724 0 0)
			(409.478 0 0)
			(411.232 0 0)
			(412.985 0 0)
			(414.739 0 0)
			(416.493 0 0)
			(418.246 0 0)
			(420.0 0 0)
		);
        
}