probesSpacial_8PPW
{
        // Where to load it from
        libs ( "libsampling.so" );
        type            probes;
        // Name of the directory for probe data
        name            probesSpacial_8PPW;
        // Write at same frequency as fields
        writeControl   timeStep;
        writeInterval  1;
        // Fields to be probed
        fields
        (
            p
        );

        probeLocations
		(
			(-420.0 0 0)
			(-416.485 0 0)
			(-412.971 0 0)
			(-409.456 0 0)
			(-405.941 0 0)
			(-402.427 0 0)
			(-398.912 0 0)
			(-395.397 0 0)
			(-391.883 0 0)
			(-388.368 0 0)
			(-384.854 0 0)
			(-381.339 0 0)
			(-377.824 0 0)
			(-374.31 0 0)
			(-370.795 0 0)
			(-367.28 0 0)
			(-363.766 0 0)
			(-360.251 0 0)
			(-356.736 0 0)
			(-353.222 0 0)
			(-349.707 0 0)
			(-346.192 0 0)
			(-342.678 0 0)
			(-339.163 0 0)
			(-335.649 0 0)
			(-332.134 0 0)
			(-328.619 0 0)
			(-325.105 0 0)
			(-321.59 0 0)
			(-318.075 0 0)
			(-314.561 0 0)
			(-311.046 0 0)
			(-307.531 0 0)
			(-304.017 0 0)
			(-300.502 0 0)
			(-296.987 0 0)
			(-293.473 0 0)
			(-289.958 0 0)
			(-286.444 0 0)
			(-282.929 0 0)
			(-279.414 0 0)
			(-275.9 0 0)
			(-272.385 0 0)
			(-268.87 0 0)
			(-265.356 0 0)
			(-261.841 0 0)
			(-258.326 0 0)
			(-254.812 0 0)
			(-251.297 0 0)
			(-247.782 0 0)
			(-244.268 0 0)
			(-240.753 0 0)
			(-237.238 0 0)
			(-233.724 0 0)
			(-230.209 0 0)
			(-226.695 0 0)
			(-223.18 0 0)
			(-219.665 0 0)
			(-216.151 0 0)
			(-212.636 0 0)
			(-209.121 0 0)
			(-205.607 0 0)
			(-202.092 0 0)
			(-198.577 0 0)
			(-195.063 0 0)
			(-191.548 0 0)
			(-188.033 0 0)
			(-184.519 0 0)
			(-181.004 0 0)
			(-177.49 0 0)
			(-173.975 0 0)
			(-170.46 0 0)
			(-166.946 0 0)
			(-163.431 0 0)
			(-159.916 0 0)
			(-156.402 0 0)
			(-152.887 0 0)
			(-149.372 0 0)
			(-145.858 0 0)
			(-142.343 0 0)
			(-138.828 0 0)
			(-135.314 0 0)
			(-131.799 0 0)
			(-128.285 0 0)
			(-124.77 0 0)
			(-121.255 0 0)
			(-117.741 0 0)
			(-114.226 0 0)
			(-110.711 0 0)
			(-107.197 0 0)
			(-103.682 0 0)
			(-100.167 0 0)
			(-96.653 0 0)
			(-93.138 0 0)
			(-89.623 0 0)
			(-86.109 0 0)
			(-82.594 0 0)
			(-79.079 0 0)
			(-75.565 0 0)
			(-72.05 0 0)
			(-68.536 0 0)
			(-65.021 0 0)
			(-61.506 0 0)
			(-57.992 0 0)
			(-54.477 0 0)
			(-50.962 0 0)
			(-47.448 0 0)
			(-43.933 0 0)
			(-40.418 0 0)
			(-36.904 0 0)
			(-33.389 0 0)
			(-29.874 0 0)
			(-26.36 0 0)
			(-22.845 0 0)
			(-19.331 0 0)
			(-15.816 0 0)
			(-12.301 0 0)
			(-8.787 0 0)
			(-5.272 0 0)
			(-1.757 0 0)
			(1.757 0 0)
			(5.272 0 0)
			(8.787 0 0)
			(12.301 0 0)
			(15.816 0 0)
			(19.331 0 0)
			(22.845 0 0)
			(26.36 0 0)
			(29.874 0 0)
			(33.389 0 0)
			(36.904 0 0)
			(40.418 0 0)
			(43.933 0 0)
			(47.448 0 0)
			(50.962 0 0)
			(54.477 0 0)
			(57.992 0 0)
			(61.506 0 0)
			(65.021 0 0)
			(68.536 0 0)
			(72.05 0 0)
			(75.565 0 0)
			(79.079 0 0)
			(82.594 0 0)
			(86.109 0 0)
			(89.623 0 0)
			(93.138 0 0)
			(96.653 0 0)
			(100.167 0 0)
			(103.682 0 0)
			(107.197 0 0)
			(110.711 0 0)
			(114.226 0 0)
			(117.741 0 0)
			(121.255 0 0)
			(124.77 0 0)
			(128.285 0 0)
			(131.799 0 0)
			(135.314 0 0)
			(138.828 0 0)
			(142.343 0 0)
			(145.858 0 0)
			(149.372 0 0)
			(152.887 0 0)
			(156.402 0 0)
			(159.916 0 0)
			(163.431 0 0)
			(166.946 0 0)
			(170.46 0 0)
			(173.975 0 0)
			(177.49 0 0)
			(181.004 0 0)
			(184.519 0 0)
			(188.033 0 0)
			(191.548 0 0)
			(195.063 0 0)
			(198.577 0 0)
			(202.092 0 0)
			(205.607 0 0)
			(209.121 0 0)
			(212.636 0 0)
			(216.151 0 0)
			(219.665 0 0)
			(223.18 0 0)
			(226.695 0 0)
			(230.209 0 0)
			(233.724 0 0)
			(237.238 0 0)
			(240.753 0 0)
			(244.268 0 0)
			(247.782 0 0)
			(251.297 0 0)
			(254.812 0 0)
			(258.326 0 0)
			(261.841 0 0)
			(265.356 0 0)
			(268.87 0 0)
			(272.385 0 0)
			(275.9 0 0)
			(279.414 0 0)
			(282.929 0 0)
			(286.444 0 0)
			(289.958 0 0)
			(293.473 0 0)
			(296.987 0 0)
			(300.502 0 0)
			(304.017 0 0)
			(307.531 0 0)
			(311.046 0 0)
			(314.561 0 0)
			(318.075 0 0)
			(321.59 0 0)
			(325.105 0 0)
			(328.619 0 0)
			(332.134 0 0)
			(335.649 0 0)
			(339.163 0 0)
			(342.678 0 0)
			(346.192 0 0)
			(349.707 0 0)
			(353.222 0 0)
			(356.736 0 0)
			(360.251 0 0)
			(363.766 0 0)
			(367.28 0 0)
			(370.795 0 0)
			(374.31 0 0)
			(377.824 0 0)
			(381.339 0 0)
			(384.854 0 0)
			(388.368 0 0)
			(391.883 0 0)
			(395.397 0 0)
			(398.912 0 0)
			(402.427 0 0)
			(405.941 0 0)
			(409.456 0 0)
			(412.971 0 0)
			(416.485 0 0)
			(420.0 0 0)
		);
        
}