probesSpacial
{
        // Where to load it from
        libs ( "libsampling.so" );
        type            probes;
        // Name of the directory for probe data
        name            probesSpacial;
        // Write at same frequency as fields
        writeControl   timeStep;
        writeInterval  1;
        // Fields to be probed
        fields
        (
            p
        );

        probeLocations
		(
			(-100.0 0 0)
			(-99.825 0 0)
			(-99.65 0 0)
			(-99.475 0 0)
			(-99.3 0 0)
			(-99.125 0 0)
			(-98.95 0 0)
			(-98.775 0 0)
			(-98.6 0 0)
			(-98.425 0 0)
			(-98.25 0 0)
			(-98.075 0 0)
			(-97.9 0 0)
			(-97.725 0 0)
			(-97.55 0 0)
			(-97.375 0 0)
			(-97.2 0 0)
			(-97.025 0 0)
			(-96.85 0 0)
			(-96.675 0 0)
			(-96.5 0 0)
			(-96.325 0 0)
			(-96.15 0 0)
			(-95.976 0 0)
			(-95.801 0 0)
			(-95.626 0 0)
			(-95.451 0 0)
			(-95.276 0 0)
			(-95.101 0 0)
			(-94.926 0 0)
			(-94.751 0 0)
			(-94.576 0 0)
			(-94.401 0 0)
			(-94.226 0 0)
			(-94.051 0 0)
			(-93.876 0 0)
			(-93.701 0 0)
			(-93.526 0 0)
			(-93.351 0 0)
			(-93.176 0 0)
			(-93.001 0 0)
			(-92.826 0 0)
			(-92.651 0 0)
			(-92.476 0 0)
			(-92.301 0 0)
			(-92.126 0 0)
			(-91.951 0 0)
			(-91.776 0 0)
			(-91.601 0 0)
			(-91.426 0 0)
			(-91.251 0 0)
			(-91.076 0 0)
			(-90.901 0 0)
			(-90.726 0 0)
			(-90.551 0 0)
			(-90.376 0 0)
			(-90.201 0 0)
			(-90.026 0 0)
			(-89.851 0 0)
			(-89.676 0 0)
			(-89.501 0 0)
			(-89.326 0 0)
			(-89.151 0 0)
			(-88.976 0 0)
			(-88.801 0 0)
			(-88.626 0 0)
			(-88.451 0 0)
			(-88.276 0 0)
			(-88.101 0 0)
			(-87.927 0 0)
			(-87.752 0 0)
			(-87.577 0 0)
			(-87.402 0 0)
			(-87.227 0 0)
			(-87.052 0 0)
			(-86.877 0 0)
			(-86.702 0 0)
			(-86.527 0 0)
			(-86.352 0 0)
			(-86.177 0 0)
			(-86.002 0 0)
			(-85.827 0 0)
			(-85.652 0 0)
			(-85.477 0 0)
			(-85.302 0 0)
			(-85.127 0 0)
			(-84.952 0 0)
			(-84.777 0 0)
			(-84.602 0 0)
			(-84.427 0 0)
			(-84.252 0 0)
			(-84.077 0 0)
			(-83.902 0 0)
			(-83.727 0 0)
			(-83.552 0 0)
			(-83.377 0 0)
			(-83.202 0 0)
			(-83.027 0 0)
			(-82.852 0 0)
			(-82.677 0 0)
			(-82.502 0 0)
			(-82.327 0 0)
			(-82.152 0 0)
			(-81.977 0 0)
			(-81.802 0 0)
			(-81.627 0 0)
			(-81.452 0 0)
			(-81.277 0 0)
			(-81.102 0 0)
			(-80.927 0 0)
			(-80.752 0 0)
			(-80.577 0 0)
			(-80.402 0 0)
			(-80.227 0 0)
			(-80.052 0 0)
			(-79.878 0 0)
			(-79.703 0 0)
			(-79.528 0 0)
			(-79.353 0 0)
			(-79.178 0 0)
			(-79.003 0 0)
			(-78.828 0 0)
			(-78.653 0 0)
			(-78.478 0 0)
			(-78.303 0 0)
			(-78.128 0 0)
			(-77.953 0 0)
			(-77.778 0 0)
			(-77.603 0 0)
			(-77.428 0 0)
			(-77.253 0 0)
			(-77.078 0 0)
			(-76.903 0 0)
			(-76.728 0 0)
			(-76.553 0 0)
			(-76.378 0 0)
			(-76.203 0 0)
			(-76.028 0 0)
			(-75.853 0 0)
			(-75.678 0 0)
			(-75.503 0 0)
			(-75.328 0 0)
			(-75.153 0 0)
			(-74.978 0 0)
			(-74.803 0 0)
			(-74.628 0 0)
			(-74.453 0 0)
			(-74.278 0 0)
			(-74.103 0 0)
			(-73.928 0 0)
			(-73.753 0 0)
			(-73.578 0 0)
			(-73.403 0 0)
			(-73.228 0 0)
			(-73.053 0 0)
			(-72.878 0 0)
			(-72.703 0 0)
			(-72.528 0 0)
			(-72.353 0 0)
			(-72.178 0 0)
			(-72.003 0 0)
			(-71.829 0 0)
			(-71.654 0 0)
			(-71.479 0 0)
			(-71.304 0 0)
			(-71.129 0 0)
			(-70.954 0 0)
			(-70.779 0 0)
			(-70.604 0 0)
			(-70.429 0 0)
			(-70.254 0 0)
			(-70.079 0 0)
			(-69.904 0 0)
			(-69.729 0 0)
			(-69.554 0 0)
			(-69.379 0 0)
			(-69.204 0 0)
			(-69.029 0 0)
			(-68.854 0 0)
			(-68.679 0 0)
			(-68.504 0 0)
			(-68.329 0 0)
			(-68.154 0 0)
			(-67.979 0 0)
			(-67.804 0 0)
			(-67.629 0 0)
			(-67.454 0 0)
			(-67.279 0 0)
			(-67.104 0 0)
			(-66.929 0 0)
			(-66.754 0 0)
			(-66.579 0 0)
			(-66.404 0 0)
			(-66.229 0 0)
			(-66.054 0 0)
			(-65.879 0 0)
			(-65.704 0 0)
			(-65.529 0 0)
			(-65.354 0 0)
			(-65.179 0 0)
			(-65.004 0 0)
			(-64.829 0 0)
			(-64.654 0 0)
			(-64.479 0 0)
			(-64.304 0 0)
			(-64.129 0 0)
			(-63.955 0 0)
			(-63.78 0 0)
			(-63.605 0 0)
			(-63.43 0 0)
			(-63.255 0 0)
			(-63.08 0 0)
			(-62.905 0 0)
			(-62.73 0 0)
			(-62.555 0 0)
			(-62.38 0 0)
			(-62.205 0 0)
			(-62.03 0 0)
			(-61.855 0 0)
			(-61.68 0 0)
			(-61.505 0 0)
			(-61.33 0 0)
			(-61.155 0 0)
			(-60.98 0 0)
			(-60.805 0 0)
			(-60.63 0 0)
			(-60.455 0 0)
			(-60.28 0 0)
			(-60.105 0 0)
			(-59.93 0 0)
			(-59.755 0 0)
			(-59.58 0 0)
			(-59.405 0 0)
			(-59.23 0 0)
			(-59.055 0 0)
			(-58.88 0 0)
			(-58.705 0 0)
			(-58.53 0 0)
			(-58.355 0 0)
			(-58.18 0 0)
			(-58.005 0 0)
			(-57.83 0 0)
			(-57.655 0 0)
			(-57.48 0 0)
			(-57.305 0 0)
			(-57.13 0 0)
			(-56.955 0 0)
			(-56.78 0 0)
			(-56.605 0 0)
			(-56.43 0 0)
			(-56.255 0 0)
			(-56.08 0 0)
			(-55.906 0 0)
			(-55.731 0 0)
			(-55.556 0 0)
			(-55.381 0 0)
			(-55.206 0 0)
			(-55.031 0 0)
			(-54.856 0 0)
			(-54.681 0 0)
			(-54.506 0 0)
			(-54.331 0 0)
			(-54.156 0 0)
			(-53.981 0 0)
			(-53.806 0 0)
			(-53.631 0 0)
			(-53.456 0 0)
			(-53.281 0 0)
			(-53.106 0 0)
			(-52.931 0 0)
			(-52.756 0 0)
			(-52.581 0 0)
			(-52.406 0 0)
			(-52.231 0 0)
			(-52.056 0 0)
			(-51.881 0 0)
			(-51.706 0 0)
			(-51.531 0 0)
			(-51.356 0 0)
			(-51.181 0 0)
			(-51.006 0 0)
			(-50.831 0 0)
			(-50.656 0 0)
			(-50.481 0 0)
			(-50.306 0 0)
			(-50.131 0 0)
			(-49.956 0 0)
			(-49.781 0 0)
			(-49.606 0 0)
			(-49.431 0 0)
			(-49.256 0 0)
			(-49.081 0 0)
			(-48.906 0 0)
			(-48.731 0 0)
			(-48.556 0 0)
			(-48.381 0 0)
			(-48.206 0 0)
			(-48.031 0 0)
			(-47.857 0 0)
			(-47.682 0 0)
			(-47.507 0 0)
			(-47.332 0 0)
			(-47.157 0 0)
			(-46.982 0 0)
			(-46.807 0 0)
			(-46.632 0 0)
			(-46.457 0 0)
			(-46.282 0 0)
			(-46.107 0 0)
			(-45.932 0 0)
			(-45.757 0 0)
			(-45.582 0 0)
			(-45.407 0 0)
			(-45.232 0 0)
			(-45.057 0 0)
			(-44.882 0 0)
			(-44.707 0 0)
			(-44.532 0 0)
			(-44.357 0 0)
			(-44.182 0 0)
			(-44.007 0 0)
			(-43.832 0 0)
			(-43.657 0 0)
			(-43.482 0 0)
			(-43.307 0 0)
			(-43.132 0 0)
			(-42.957 0 0)
			(-42.782 0 0)
			(-42.607 0 0)
			(-42.432 0 0)
			(-42.257 0 0)
			(-42.082 0 0)
			(-41.907 0 0)
			(-41.732 0 0)
			(-41.557 0 0)
			(-41.382 0 0)
			(-41.207 0 0)
			(-41.032 0 0)
			(-40.857 0 0)
			(-40.682 0 0)
			(-40.507 0 0)
			(-40.332 0 0)
			(-40.157 0 0)
			(-39.983 0 0)
			(-39.808 0 0)
			(-39.633 0 0)
			(-39.458 0 0)
			(-39.283 0 0)
			(-39.108 0 0)
			(-38.933 0 0)
			(-38.758 0 0)
			(-38.583 0 0)
			(-38.408 0 0)
			(-38.233 0 0)
			(-38.058 0 0)
			(-37.883 0 0)
			(-37.708 0 0)
			(-37.533 0 0)
			(-37.358 0 0)
			(-37.183 0 0)
			(-37.008 0 0)
			(-36.833 0 0)
			(-36.658 0 0)
			(-36.483 0 0)
			(-36.308 0 0)
			(-36.133 0 0)
			(-35.958 0 0)
			(-35.783 0 0)
			(-35.608 0 0)
			(-35.433 0 0)
			(-35.258 0 0)
			(-35.083 0 0)
			(-34.908 0 0)
			(-34.733 0 0)
			(-34.558 0 0)
			(-34.383 0 0)
			(-34.208 0 0)
			(-34.033 0 0)
			(-33.858 0 0)
			(-33.683 0 0)
			(-33.508 0 0)
			(-33.333 0 0)
			(-33.158 0 0)
			(-32.983 0 0)
			(-32.808 0 0)
			(-32.633 0 0)
			(-32.458 0 0)
			(-32.283 0 0)
			(-32.108 0 0)
			(-31.934 0 0)
			(-31.759 0 0)
			(-31.584 0 0)
			(-31.409 0 0)
			(-31.234 0 0)
			(-31.059 0 0)
			(-30.884 0 0)
			(-30.709 0 0)
			(-30.534 0 0)
			(-30.359 0 0)
			(-30.184 0 0)
			(-30.009 0 0)
			(-29.834 0 0)
			(-29.659 0 0)
			(-29.484 0 0)
			(-29.309 0 0)
			(-29.134 0 0)
			(-28.959 0 0)
			(-28.784 0 0)
			(-28.609 0 0)
			(-28.434 0 0)
			(-28.259 0 0)
			(-28.084 0 0)
			(-27.909 0 0)
			(-27.734 0 0)
			(-27.559 0 0)
			(-27.384 0 0)
			(-27.209 0 0)
			(-27.034 0 0)
			(-26.859 0 0)
			(-26.684 0 0)
			(-26.509 0 0)
			(-26.334 0 0)
			(-26.159 0 0)
			(-25.984 0 0)
			(-25.809 0 0)
			(-25.634 0 0)
			(-25.459 0 0)
			(-25.284 0 0)
			(-25.109 0 0)
			(-24.934 0 0)
			(-24.759 0 0)
			(-24.584 0 0)
			(-24.409 0 0)
			(-24.234 0 0)
			(-24.059 0 0)
			(-23.885 0 0)
			(-23.71 0 0)
			(-23.535 0 0)
			(-23.36 0 0)
			(-23.185 0 0)
			(-23.01 0 0)
			(-22.835 0 0)
			(-22.66 0 0)
			(-22.485 0 0)
			(-22.31 0 0)
			(-22.135 0 0)
			(-21.96 0 0)
			(-21.785 0 0)
			(-21.61 0 0)
			(-21.435 0 0)
			(-21.26 0 0)
			(-21.085 0 0)
			(-20.91 0 0)
			(-20.735 0 0)
			(-20.56 0 0)
			(-20.385 0 0)
			(-20.21 0 0)
			(-20.035 0 0)
			(-19.86 0 0)
			(-19.685 0 0)
			(-19.51 0 0)
			(-19.335 0 0)
			(-19.16 0 0)
			(-18.985 0 0)
			(-18.81 0 0)
			(-18.635 0 0)
			(-18.46 0 0)
			(-18.285 0 0)
			(-18.11 0 0)
			(-17.935 0 0)
			(-17.76 0 0)
			(-17.585 0 0)
			(-17.41 0 0)
			(-17.235 0 0)
			(-17.06 0 0)
			(-16.885 0 0)
			(-16.71 0 0)
			(-16.535 0 0)
			(-16.36 0 0)
			(-16.185 0 0)
			(-16.01 0 0)
			(-15.836 0 0)
			(-15.661 0 0)
			(-15.486 0 0)
			(-15.311 0 0)
			(-15.136 0 0)
			(-14.961 0 0)
			(-14.786 0 0)
			(-14.611 0 0)
			(-14.436 0 0)
			(-14.261 0 0)
			(-14.086 0 0)
			(-13.911 0 0)
			(-13.736 0 0)
			(-13.561 0 0)
			(-13.386 0 0)
			(-13.211 0 0)
			(-13.036 0 0)
			(-12.861 0 0)
			(-12.686 0 0)
			(-12.511 0 0)
			(-12.336 0 0)
			(-12.161 0 0)
			(-11.986 0 0)
			(-11.811 0 0)
			(-11.636 0 0)
			(-11.461 0 0)
			(-11.286 0 0)
			(-11.111 0 0)
			(-10.936 0 0)
			(-10.761 0 0)
			(-10.586 0 0)
			(-10.411 0 0)
			(-10.236 0 0)
			(-10.061 0 0)
			(-9.886 0 0)
			(-9.711 0 0)
			(-9.536 0 0)
			(-9.361 0 0)
			(-9.186 0 0)
			(-9.011 0 0)
			(-8.836 0 0)
			(-8.661 0 0)
			(-8.486 0 0)
			(-8.311 0 0)
			(-8.136 0 0)
			(-7.962 0 0)
			(-7.787 0 0)
			(-7.612 0 0)
			(-7.437 0 0)
			(-7.262 0 0)
			(-7.087 0 0)
			(-6.912 0 0)
			(-6.737 0 0)
			(-6.562 0 0)
			(-6.387 0 0)
			(-6.212 0 0)
			(-6.037 0 0)
			(-5.862 0 0)
			(-5.687 0 0)
			(-5.512 0 0)
			(-5.337 0 0)
			(-5.162 0 0)
			(-4.987 0 0)
			(-4.812 0 0)
			(-4.637 0 0)
			(-4.462 0 0)
			(-4.287 0 0)
			(-4.112 0 0)
			(-3.937 0 0)
			(-3.762 0 0)
			(-3.587 0 0)
			(-3.412 0 0)
			(-3.237 0 0)
			(-3.062 0 0)
			(-2.887 0 0)
			(-2.712 0 0)
			(-2.537 0 0)
			(-2.362 0 0)
			(-2.187 0 0)
			(-2.012 0 0)
			(-1.837 0 0)
			(-1.662 0 0)
			(-1.487 0 0)
			(-1.312 0 0)
			(-1.137 0 0)
			(-0.962 0 0)
			(-0.787 0 0)
			(-0.612 0 0)
			(-0.437 0 0)
			(-0.262 0 0)
			(-0.087 0 0)
			(0.087 0 0)
			(0.262 0 0)
			(0.437 0 0)
			(0.612 0 0)
			(0.787 0 0)
			(0.962 0 0)
			(1.137 0 0)
			(1.312 0 0)
			(1.487 0 0)
			(1.662 0 0)
			(1.837 0 0)
			(2.012 0 0)
			(2.187 0 0)
			(2.362 0 0)
			(2.537 0 0)
			(2.712 0 0)
			(2.887 0 0)
			(3.062 0 0)
			(3.237 0 0)
			(3.412 0 0)
			(3.587 0 0)
			(3.762 0 0)
			(3.937 0 0)
			(4.112 0 0)
			(4.287 0 0)
			(4.462 0 0)
			(4.637 0 0)
			(4.812 0 0)
			(4.987 0 0)
			(5.162 0 0)
			(5.337 0 0)
			(5.512 0 0)
			(5.687 0 0)
			(5.862 0 0)
			(6.037 0 0)
			(6.212 0 0)
			(6.387 0 0)
			(6.562 0 0)
			(6.737 0 0)
			(6.912 0 0)
			(7.087 0 0)
			(7.262 0 0)
			(7.437 0 0)
			(7.612 0 0)
			(7.787 0 0)
			(7.962 0 0)
			(8.136 0 0)
			(8.311 0 0)
			(8.486 0 0)
			(8.661 0 0)
			(8.836 0 0)
			(9.011 0 0)
			(9.186 0 0)
			(9.361 0 0)
			(9.536 0 0)
			(9.711 0 0)
			(9.886 0 0)
			(10.061 0 0)
			(10.236 0 0)
			(10.411 0 0)
			(10.586 0 0)
			(10.761 0 0)
			(10.936 0 0)
			(11.111 0 0)
			(11.286 0 0)
			(11.461 0 0)
			(11.636 0 0)
			(11.811 0 0)
			(11.986 0 0)
			(12.161 0 0)
			(12.336 0 0)
			(12.511 0 0)
			(12.686 0 0)
			(12.861 0 0)
			(13.036 0 0)
			(13.211 0 0)
			(13.386 0 0)
			(13.561 0 0)
			(13.736 0 0)
			(13.911 0 0)
			(14.086 0 0)
			(14.261 0 0)
			(14.436 0 0)
			(14.611 0 0)
			(14.786 0 0)
			(14.961 0 0)
			(15.136 0 0)
			(15.311 0 0)
			(15.486 0 0)
			(15.661 0 0)
			(15.836 0 0)
			(16.01 0 0)
			(16.185 0 0)
			(16.36 0 0)
			(16.535 0 0)
			(16.71 0 0)
			(16.885 0 0)
			(17.06 0 0)
			(17.235 0 0)
			(17.41 0 0)
			(17.585 0 0)
			(17.76 0 0)
			(17.935 0 0)
			(18.11 0 0)
			(18.285 0 0)
			(18.46 0 0)
			(18.635 0 0)
			(18.81 0 0)
			(18.985 0 0)
			(19.16 0 0)
			(19.335 0 0)
			(19.51 0 0)
			(19.685 0 0)
			(19.86 0 0)
			(20.035 0 0)
			(20.21 0 0)
			(20.385 0 0)
			(20.56 0 0)
			(20.735 0 0)
			(20.91 0 0)
			(21.085 0 0)
			(21.26 0 0)
			(21.435 0 0)
			(21.61 0 0)
			(21.785 0 0)
			(21.96 0 0)
			(22.135 0 0)
			(22.31 0 0)
			(22.485 0 0)
			(22.66 0 0)
			(22.835 0 0)
			(23.01 0 0)
			(23.185 0 0)
			(23.36 0 0)
			(23.535 0 0)
			(23.71 0 0)
			(23.885 0 0)
			(24.059 0 0)
			(24.234 0 0)
			(24.409 0 0)
			(24.584 0 0)
			(24.759 0 0)
			(24.934 0 0)
			(25.109 0 0)
			(25.284 0 0)
			(25.459 0 0)
			(25.634 0 0)
			(25.809 0 0)
			(25.984 0 0)
			(26.159 0 0)
			(26.334 0 0)
			(26.509 0 0)
			(26.684 0 0)
			(26.859 0 0)
			(27.034 0 0)
			(27.209 0 0)
			(27.384 0 0)
			(27.559 0 0)
			(27.734 0 0)
			(27.909 0 0)
			(28.084 0 0)
			(28.259 0 0)
			(28.434 0 0)
			(28.609 0 0)
			(28.784 0 0)
			(28.959 0 0)
			(29.134 0 0)
			(29.309 0 0)
			(29.484 0 0)
			(29.659 0 0)
			(29.834 0 0)
			(30.009 0 0)
			(30.184 0 0)
			(30.359 0 0)
			(30.534 0 0)
			(30.709 0 0)
			(30.884 0 0)
			(31.059 0 0)
			(31.234 0 0)
			(31.409 0 0)
			(31.584 0 0)
			(31.759 0 0)
			(31.934 0 0)
			(32.108 0 0)
			(32.283 0 0)
			(32.458 0 0)
			(32.633 0 0)
			(32.808 0 0)
			(32.983 0 0)
			(33.158 0 0)
			(33.333 0 0)
			(33.508 0 0)
			(33.683 0 0)
			(33.858 0 0)
			(34.033 0 0)
			(34.208 0 0)
			(34.383 0 0)
			(34.558 0 0)
			(34.733 0 0)
			(34.908 0 0)
			(35.083 0 0)
			(35.258 0 0)
			(35.433 0 0)
			(35.608 0 0)
			(35.783 0 0)
			(35.958 0 0)
			(36.133 0 0)
			(36.308 0 0)
			(36.483 0 0)
			(36.658 0 0)
			(36.833 0 0)
			(37.008 0 0)
			(37.183 0 0)
			(37.358 0 0)
			(37.533 0 0)
			(37.708 0 0)
			(37.883 0 0)
			(38.058 0 0)
			(38.233 0 0)
			(38.408 0 0)
			(38.583 0 0)
			(38.758 0 0)
			(38.933 0 0)
			(39.108 0 0)
			(39.283 0 0)
			(39.458 0 0)
			(39.633 0 0)
			(39.808 0 0)
			(39.983 0 0)
			(40.157 0 0)
			(40.332 0 0)
			(40.507 0 0)
			(40.682 0 0)
			(40.857 0 0)
			(41.032 0 0)
			(41.207 0 0)
			(41.382 0 0)
			(41.557 0 0)
			(41.732 0 0)
			(41.907 0 0)
			(42.082 0 0)
			(42.257 0 0)
			(42.432 0 0)
			(42.607 0 0)
			(42.782 0 0)
			(42.957 0 0)
			(43.132 0 0)
			(43.307 0 0)
			(43.482 0 0)
			(43.657 0 0)
			(43.832 0 0)
			(44.007 0 0)
			(44.182 0 0)
			(44.357 0 0)
			(44.532 0 0)
			(44.707 0 0)
			(44.882 0 0)
			(45.057 0 0)
			(45.232 0 0)
			(45.407 0 0)
			(45.582 0 0)
			(45.757 0 0)
			(45.932 0 0)
			(46.107 0 0)
			(46.282 0 0)
			(46.457 0 0)
			(46.632 0 0)
			(46.807 0 0)
			(46.982 0 0)
			(47.157 0 0)
			(47.332 0 0)
			(47.507 0 0)
			(47.682 0 0)
			(47.857 0 0)
			(48.031 0 0)
			(48.206 0 0)
			(48.381 0 0)
			(48.556 0 0)
			(48.731 0 0)
			(48.906 0 0)
			(49.081 0 0)
			(49.256 0 0)
			(49.431 0 0)
			(49.606 0 0)
			(49.781 0 0)
			(49.956 0 0)
			(50.131 0 0)
			(50.306 0 0)
			(50.481 0 0)
			(50.656 0 0)
			(50.831 0 0)
			(51.006 0 0)
			(51.181 0 0)
			(51.356 0 0)
			(51.531 0 0)
			(51.706 0 0)
			(51.881 0 0)
			(52.056 0 0)
			(52.231 0 0)
			(52.406 0 0)
			(52.581 0 0)
			(52.756 0 0)
			(52.931 0 0)
			(53.106 0 0)
			(53.281 0 0)
			(53.456 0 0)
			(53.631 0 0)
			(53.806 0 0)
			(53.981 0 0)
			(54.156 0 0)
			(54.331 0 0)
			(54.506 0 0)
			(54.681 0 0)
			(54.856 0 0)
			(55.031 0 0)
			(55.206 0 0)
			(55.381 0 0)
			(55.556 0 0)
			(55.731 0 0)
			(55.906 0 0)
			(56.08 0 0)
			(56.255 0 0)
			(56.43 0 0)
			(56.605 0 0)
			(56.78 0 0)
			(56.955 0 0)
			(57.13 0 0)
			(57.305 0 0)
			(57.48 0 0)
			(57.655 0 0)
			(57.83 0 0)
			(58.005 0 0)
			(58.18 0 0)
			(58.355 0 0)
			(58.53 0 0)
			(58.705 0 0)
			(58.88 0 0)
			(59.055 0 0)
			(59.23 0 0)
			(59.405 0 0)
			(59.58 0 0)
			(59.755 0 0)
			(59.93 0 0)
			(60.105 0 0)
			(60.28 0 0)
			(60.455 0 0)
			(60.63 0 0)
			(60.805 0 0)
			(60.98 0 0)
			(61.155 0 0)
			(61.33 0 0)
			(61.505 0 0)
			(61.68 0 0)
			(61.855 0 0)
			(62.03 0 0)
			(62.205 0 0)
			(62.38 0 0)
			(62.555 0 0)
			(62.73 0 0)
			(62.905 0 0)
			(63.08 0 0)
			(63.255 0 0)
			(63.43 0 0)
			(63.605 0 0)
			(63.78 0 0)
			(63.955 0 0)
			(64.129 0 0)
			(64.304 0 0)
			(64.479 0 0)
			(64.654 0 0)
			(64.829 0 0)
			(65.004 0 0)
			(65.179 0 0)
			(65.354 0 0)
			(65.529 0 0)
			(65.704 0 0)
			(65.879 0 0)
			(66.054 0 0)
			(66.229 0 0)
			(66.404 0 0)
			(66.579 0 0)
			(66.754 0 0)
			(66.929 0 0)
			(67.104 0 0)
			(67.279 0 0)
			(67.454 0 0)
			(67.629 0 0)
			(67.804 0 0)
			(67.979 0 0)
			(68.154 0 0)
			(68.329 0 0)
			(68.504 0 0)
			(68.679 0 0)
			(68.854 0 0)
			(69.029 0 0)
			(69.204 0 0)
			(69.379 0 0)
			(69.554 0 0)
			(69.729 0 0)
			(69.904 0 0)
			(70.079 0 0)
			(70.254 0 0)
			(70.429 0 0)
			(70.604 0 0)
			(70.779 0 0)
			(70.954 0 0)
			(71.129 0 0)
			(71.304 0 0)
			(71.479 0 0)
			(71.654 0 0)
			(71.829 0 0)
			(72.003 0 0)
			(72.178 0 0)
			(72.353 0 0)
			(72.528 0 0)
			(72.703 0 0)
			(72.878 0 0)
			(73.053 0 0)
			(73.228 0 0)
			(73.403 0 0)
			(73.578 0 0)
			(73.753 0 0)
			(73.928 0 0)
			(74.103 0 0)
			(74.278 0 0)
			(74.453 0 0)
			(74.628 0 0)
			(74.803 0 0)
			(74.978 0 0)
			(75.153 0 0)
			(75.328 0 0)
			(75.503 0 0)
			(75.678 0 0)
			(75.853 0 0)
			(76.028 0 0)
			(76.203 0 0)
			(76.378 0 0)
			(76.553 0 0)
			(76.728 0 0)
			(76.903 0 0)
			(77.078 0 0)
			(77.253 0 0)
			(77.428 0 0)
			(77.603 0 0)
			(77.778 0 0)
			(77.953 0 0)
			(78.128 0 0)
			(78.303 0 0)
			(78.478 0 0)
			(78.653 0 0)
			(78.828 0 0)
			(79.003 0 0)
			(79.178 0 0)
			(79.353 0 0)
			(79.528 0 0)
			(79.703 0 0)
			(79.878 0 0)
			(80.052 0 0)
			(80.227 0 0)
			(80.402 0 0)
			(80.577 0 0)
			(80.752 0 0)
			(80.927 0 0)
			(81.102 0 0)
			(81.277 0 0)
			(81.452 0 0)
			(81.627 0 0)
			(81.802 0 0)
			(81.977 0 0)
			(82.152 0 0)
			(82.327 0 0)
			(82.502 0 0)
			(82.677 0 0)
			(82.852 0 0)
			(83.027 0 0)
			(83.202 0 0)
			(83.377 0 0)
			(83.552 0 0)
			(83.727 0 0)
			(83.902 0 0)
			(84.077 0 0)
			(84.252 0 0)
			(84.427 0 0)
			(84.602 0 0)
			(84.777 0 0)
			(84.952 0 0)
			(85.127 0 0)
			(85.302 0 0)
			(85.477 0 0)
			(85.652 0 0)
			(85.827 0 0)
			(86.002 0 0)
			(86.177 0 0)
			(86.352 0 0)
			(86.527 0 0)
			(86.702 0 0)
			(86.877 0 0)
			(87.052 0 0)
			(87.227 0 0)
			(87.402 0 0)
			(87.577 0 0)
			(87.752 0 0)
			(87.927 0 0)
			(88.101 0 0)
			(88.276 0 0)
			(88.451 0 0)
			(88.626 0 0)
			(88.801 0 0)
			(88.976 0 0)
			(89.151 0 0)
			(89.326 0 0)
			(89.501 0 0)
			(89.676 0 0)
			(89.851 0 0)
			(90.026 0 0)
			(90.201 0 0)
			(90.376 0 0)
			(90.551 0 0)
			(90.726 0 0)
			(90.901 0 0)
			(91.076 0 0)
			(91.251 0 0)
			(91.426 0 0)
			(91.601 0 0)
			(91.776 0 0)
			(91.951 0 0)
			(92.126 0 0)
			(92.301 0 0)
			(92.476 0 0)
			(92.651 0 0)
			(92.826 0 0)
			(93.001 0 0)
			(93.176 0 0)
			(93.351 0 0)
			(93.526 0 0)
			(93.701 0 0)
			(93.876 0 0)
			(94.051 0 0)
			(94.226 0 0)
			(94.401 0 0)
			(94.576 0 0)
			(94.751 0 0)
			(94.926 0 0)
			(95.101 0 0)
			(95.276 0 0)
			(95.451 0 0)
			(95.626 0 0)
			(95.801 0 0)
			(95.976 0 0)
			(96.15 0 0)
			(96.325 0 0)
			(96.5 0 0)
			(96.675 0 0)
			(96.85 0 0)
			(97.025 0 0)
			(97.2 0 0)
			(97.375 0 0)
			(97.55 0 0)
			(97.725 0 0)
			(97.9 0 0)
			(98.075 0 0)
			(98.25 0 0)
			(98.425 0 0)
			(98.6 0 0)
			(98.775 0 0)
			(98.95 0 0)
			(99.125 0 0)
			(99.3 0 0)
			(99.475 0 0)
			(99.65 0 0)
			(99.825 0 0)
			(100.0 0 0)
		);
        
}