probesSpacial
{
        // Where to load it from
        libs ( "libsampling.so" );
        type            probes;
        // Name of the directory for probe data
        name            probesSpacial;
        // Write at same frequency as fields
        writeControl   timeStep;
        writeInterval  1;
        // Fields to be probed
        fields
        (
            p
        );

        probeLocations
		(
			(-104.0 0 0)
			(-103.929 0 0)
			(-103.858 0 0)
			(-103.787 0 0)
			(-103.717 0 0)
			(-103.646 0 0)
			(-103.575 0 0)
			(-103.504 0 0)
			(-103.433 0 0)
			(-103.362 0 0)
			(-103.291 0 0)
			(-103.22 0 0)
			(-103.15 0 0)
			(-103.079 0 0)
			(-103.008 0 0)
			(-102.937 0 0)
			(-102.866 0 0)
			(-102.795 0 0)
			(-102.724 0 0)
			(-102.653 0 0)
			(-102.583 0 0)
			(-102.512 0 0)
			(-102.441 0 0)
			(-102.37 0 0)
			(-102.299 0 0)
			(-102.228 0 0)
			(-102.157 0 0)
			(-102.087 0 0)
			(-102.016 0 0)
			(-101.945 0 0)
			(-101.874 0 0)
			(-101.803 0 0)
			(-101.732 0 0)
			(-101.661 0 0)
			(-101.59 0 0)
			(-101.52 0 0)
			(-101.449 0 0)
			(-101.378 0 0)
			(-101.307 0 0)
			(-101.236 0 0)
			(-101.165 0 0)
			(-101.094 0 0)
			(-101.024 0 0)
			(-100.953 0 0)
			(-100.882 0 0)
			(-100.811 0 0)
			(-100.74 0 0)
			(-100.669 0 0)
			(-100.598 0 0)
			(-100.527 0 0)
			(-100.457 0 0)
			(-100.386 0 0)
			(-100.315 0 0)
			(-100.244 0 0)
			(-100.173 0 0)
			(-100.102 0 0)
			(-100.031 0 0)
			(-99.96 0 0)
			(-99.89 0 0)
			(-99.819 0 0)
			(-99.748 0 0)
			(-99.677 0 0)
			(-99.606 0 0)
			(-99.535 0 0)
			(-99.464 0 0)
			(-99.394 0 0)
			(-99.323 0 0)
			(-99.252 0 0)
			(-99.181 0 0)
			(-99.11 0 0)
			(-99.039 0 0)
			(-98.968 0 0)
			(-98.897 0 0)
			(-98.827 0 0)
			(-98.756 0 0)
			(-98.685 0 0)
			(-98.614 0 0)
			(-98.543 0 0)
			(-98.472 0 0)
			(-98.401 0 0)
			(-98.33 0 0)
			(-98.26 0 0)
			(-98.189 0 0)
			(-98.118 0 0)
			(-98.047 0 0)
			(-97.976 0 0)
			(-97.905 0 0)
			(-97.834 0 0)
			(-97.764 0 0)
			(-97.693 0 0)
			(-97.622 0 0)
			(-97.551 0 0)
			(-97.48 0 0)
			(-97.409 0 0)
			(-97.338 0 0)
			(-97.267 0 0)
			(-97.197 0 0)
			(-97.126 0 0)
			(-97.055 0 0)
			(-96.984 0 0)
			(-96.913 0 0)
			(-96.842 0 0)
			(-96.771 0 0)
			(-96.701 0 0)
			(-96.63 0 0)
			(-96.559 0 0)
			(-96.488 0 0)
			(-96.417 0 0)
			(-96.346 0 0)
			(-96.275 0 0)
			(-96.204 0 0)
			(-96.134 0 0)
			(-96.063 0 0)
			(-95.992 0 0)
			(-95.921 0 0)
			(-95.85 0 0)
			(-95.779 0 0)
			(-95.708 0 0)
			(-95.637 0 0)
			(-95.567 0 0)
			(-95.496 0 0)
			(-95.425 0 0)
			(-95.354 0 0)
			(-95.283 0 0)
			(-95.212 0 0)
			(-95.141 0 0)
			(-95.071 0 0)
			(-95.0 0 0)
			(-94.929 0 0)
			(-94.858 0 0)
			(-94.787 0 0)
			(-94.716 0 0)
			(-94.645 0 0)
			(-94.574 0 0)
			(-94.504 0 0)
			(-94.433 0 0)
			(-94.362 0 0)
			(-94.291 0 0)
			(-94.22 0 0)
			(-94.149 0 0)
			(-94.078 0 0)
			(-94.007 0 0)
			(-93.937 0 0)
			(-93.866 0 0)
			(-93.795 0 0)
			(-93.724 0 0)
			(-93.653 0 0)
			(-93.582 0 0)
			(-93.511 0 0)
			(-93.441 0 0)
			(-93.37 0 0)
			(-93.299 0 0)
			(-93.228 0 0)
			(-93.157 0 0)
			(-93.086 0 0)
			(-93.015 0 0)
			(-92.944 0 0)
			(-92.874 0 0)
			(-92.803 0 0)
			(-92.732 0 0)
			(-92.661 0 0)
			(-92.59 0 0)
			(-92.519 0 0)
			(-92.448 0 0)
			(-92.378 0 0)
			(-92.307 0 0)
			(-92.236 0 0)
			(-92.165 0 0)
			(-92.094 0 0)
			(-92.023 0 0)
			(-91.952 0 0)
			(-91.881 0 0)
			(-91.811 0 0)
			(-91.74 0 0)
			(-91.669 0 0)
			(-91.598 0 0)
			(-91.527 0 0)
			(-91.456 0 0)
			(-91.385 0 0)
			(-91.314 0 0)
			(-91.244 0 0)
			(-91.173 0 0)
			(-91.102 0 0)
			(-91.031 0 0)
			(-90.96 0 0)
			(-90.889 0 0)
			(-90.818 0 0)
			(-90.748 0 0)
			(-90.677 0 0)
			(-90.606 0 0)
			(-90.535 0 0)
			(-90.464 0 0)
			(-90.393 0 0)
			(-90.322 0 0)
			(-90.251 0 0)
			(-90.181 0 0)
			(-90.11 0 0)
			(-90.039 0 0)
			(-89.968 0 0)
			(-89.897 0 0)
			(-89.826 0 0)
			(-89.755 0 0)
			(-89.684 0 0)
			(-89.614 0 0)
			(-89.543 0 0)
			(-89.472 0 0)
			(-89.401 0 0)
			(-89.33 0 0)
			(-89.259 0 0)
			(-89.188 0 0)
			(-89.118 0 0)
			(-89.047 0 0)
			(-88.976 0 0)
			(-88.905 0 0)
			(-88.834 0 0)
			(-88.763 0 0)
			(-88.692 0 0)
			(-88.621 0 0)
			(-88.551 0 0)
			(-88.48 0 0)
			(-88.409 0 0)
			(-88.338 0 0)
			(-88.267 0 0)
			(-88.196 0 0)
			(-88.125 0 0)
			(-88.055 0 0)
			(-87.984 0 0)
			(-87.913 0 0)
			(-87.842 0 0)
			(-87.771 0 0)
			(-87.7 0 0)
			(-87.629 0 0)
			(-87.558 0 0)
			(-87.488 0 0)
			(-87.417 0 0)
			(-87.346 0 0)
			(-87.275 0 0)
			(-87.204 0 0)
			(-87.133 0 0)
			(-87.062 0 0)
			(-86.991 0 0)
			(-86.921 0 0)
			(-86.85 0 0)
			(-86.779 0 0)
			(-86.708 0 0)
			(-86.637 0 0)
			(-86.566 0 0)
			(-86.495 0 0)
			(-86.425 0 0)
			(-86.354 0 0)
			(-86.283 0 0)
			(-86.212 0 0)
			(-86.141 0 0)
			(-86.07 0 0)
			(-85.999 0 0)
			(-85.928 0 0)
			(-85.858 0 0)
			(-85.787 0 0)
			(-85.716 0 0)
			(-85.645 0 0)
			(-85.574 0 0)
			(-85.503 0 0)
			(-85.432 0 0)
			(-85.361 0 0)
			(-85.291 0 0)
			(-85.22 0 0)
			(-85.149 0 0)
			(-85.078 0 0)
			(-85.007 0 0)
			(-84.936 0 0)
			(-84.865 0 0)
			(-84.795 0 0)
			(-84.724 0 0)
			(-84.653 0 0)
			(-84.582 0 0)
			(-84.511 0 0)
			(-84.44 0 0)
			(-84.369 0 0)
			(-84.298 0 0)
			(-84.228 0 0)
			(-84.157 0 0)
			(-84.086 0 0)
			(-84.015 0 0)
			(-83.944 0 0)
			(-83.873 0 0)
			(-83.802 0 0)
			(-83.732 0 0)
			(-83.661 0 0)
			(-83.59 0 0)
			(-83.519 0 0)
			(-83.448 0 0)
			(-83.377 0 0)
			(-83.306 0 0)
			(-83.235 0 0)
			(-83.165 0 0)
			(-83.094 0 0)
			(-83.023 0 0)
			(-82.952 0 0)
			(-82.881 0 0)
			(-82.81 0 0)
			(-82.739 0 0)
			(-82.668 0 0)
			(-82.598 0 0)
			(-82.527 0 0)
			(-82.456 0 0)
			(-82.385 0 0)
			(-82.314 0 0)
			(-82.243 0 0)
			(-82.172 0 0)
			(-82.102 0 0)
			(-82.031 0 0)
			(-81.96 0 0)
			(-81.889 0 0)
			(-81.818 0 0)
			(-81.747 0 0)
			(-81.676 0 0)
			(-81.605 0 0)
			(-81.535 0 0)
			(-81.464 0 0)
			(-81.393 0 0)
			(-81.322 0 0)
			(-81.251 0 0)
			(-81.18 0 0)
			(-81.109 0 0)
			(-81.039 0 0)
			(-80.968 0 0)
			(-80.897 0 0)
			(-80.826 0 0)
			(-80.755 0 0)
			(-80.684 0 0)
			(-80.613 0 0)
			(-80.542 0 0)
			(-80.472 0 0)
			(-80.401 0 0)
			(-80.33 0 0)
			(-80.259 0 0)
			(-80.188 0 0)
			(-80.117 0 0)
			(-80.046 0 0)
			(-79.975 0 0)
			(-79.905 0 0)
			(-79.834 0 0)
			(-79.763 0 0)
			(-79.692 0 0)
			(-79.621 0 0)
			(-79.55 0 0)
			(-79.479 0 0)
			(-79.409 0 0)
			(-79.338 0 0)
			(-79.267 0 0)
			(-79.196 0 0)
			(-79.125 0 0)
			(-79.054 0 0)
			(-78.983 0 0)
			(-78.912 0 0)
			(-78.842 0 0)
			(-78.771 0 0)
			(-78.7 0 0)
			(-78.629 0 0)
			(-78.558 0 0)
			(-78.487 0 0)
			(-78.416 0 0)
			(-78.345 0 0)
			(-78.275 0 0)
			(-78.204 0 0)
			(-78.133 0 0)
			(-78.062 0 0)
			(-77.991 0 0)
			(-77.92 0 0)
			(-77.849 0 0)
			(-77.779 0 0)
			(-77.708 0 0)
			(-77.637 0 0)
			(-77.566 0 0)
			(-77.495 0 0)
			(-77.424 0 0)
			(-77.353 0 0)
			(-77.282 0 0)
			(-77.212 0 0)
			(-77.141 0 0)
			(-77.07 0 0)
			(-76.999 0 0)
			(-76.928 0 0)
			(-76.857 0 0)
			(-76.786 0 0)
			(-76.716 0 0)
			(-76.645 0 0)
			(-76.574 0 0)
			(-76.503 0 0)
			(-76.432 0 0)
			(-76.361 0 0)
			(-76.29 0 0)
			(-76.219 0 0)
			(-76.149 0 0)
			(-76.078 0 0)
			(-76.007 0 0)
			(-75.936 0 0)
			(-75.865 0 0)
			(-75.794 0 0)
			(-75.723 0 0)
			(-75.652 0 0)
			(-75.582 0 0)
			(-75.511 0 0)
			(-75.44 0 0)
			(-75.369 0 0)
			(-75.298 0 0)
			(-75.227 0 0)
			(-75.156 0 0)
			(-75.086 0 0)
			(-75.015 0 0)
			(-74.944 0 0)
			(-74.873 0 0)
			(-74.802 0 0)
			(-74.731 0 0)
			(-74.66 0 0)
			(-74.589 0 0)
			(-74.519 0 0)
			(-74.448 0 0)
			(-74.377 0 0)
			(-74.306 0 0)
			(-74.235 0 0)
			(-74.164 0 0)
			(-74.093 0 0)
			(-74.022 0 0)
			(-73.952 0 0)
			(-73.881 0 0)
			(-73.81 0 0)
			(-73.739 0 0)
			(-73.668 0 0)
			(-73.597 0 0)
			(-73.526 0 0)
			(-73.456 0 0)
			(-73.385 0 0)
			(-73.314 0 0)
			(-73.243 0 0)
			(-73.172 0 0)
			(-73.101 0 0)
			(-73.03 0 0)
			(-72.959 0 0)
			(-72.889 0 0)
			(-72.818 0 0)
			(-72.747 0 0)
			(-72.676 0 0)
			(-72.605 0 0)
			(-72.534 0 0)
			(-72.463 0 0)
			(-72.393 0 0)
			(-72.322 0 0)
			(-72.251 0 0)
			(-72.18 0 0)
			(-72.109 0 0)
			(-72.038 0 0)
			(-71.967 0 0)
			(-71.896 0 0)
			(-71.826 0 0)
			(-71.755 0 0)
			(-71.684 0 0)
			(-71.613 0 0)
			(-71.542 0 0)
			(-71.471 0 0)
			(-71.4 0 0)
			(-71.329 0 0)
			(-71.259 0 0)
			(-71.188 0 0)
			(-71.117 0 0)
			(-71.046 0 0)
			(-70.975 0 0)
			(-70.904 0 0)
			(-70.833 0 0)
			(-70.763 0 0)
			(-70.692 0 0)
			(-70.621 0 0)
			(-70.55 0 0)
			(-70.479 0 0)
			(-70.408 0 0)
			(-70.337 0 0)
			(-70.266 0 0)
			(-70.196 0 0)
			(-70.125 0 0)
			(-70.054 0 0)
			(-69.983 0 0)
			(-69.912 0 0)
			(-69.841 0 0)
			(-69.77 0 0)
			(-69.699 0 0)
			(-69.629 0 0)
			(-69.558 0 0)
			(-69.487 0 0)
			(-69.416 0 0)
			(-69.345 0 0)
			(-69.274 0 0)
			(-69.203 0 0)
			(-69.133 0 0)
			(-69.062 0 0)
			(-68.991 0 0)
			(-68.92 0 0)
			(-68.849 0 0)
			(-68.778 0 0)
			(-68.707 0 0)
			(-68.636 0 0)
			(-68.566 0 0)
			(-68.495 0 0)
			(-68.424 0 0)
			(-68.353 0 0)
			(-68.282 0 0)
			(-68.211 0 0)
			(-68.14 0 0)
			(-68.07 0 0)
			(-67.999 0 0)
			(-67.928 0 0)
			(-67.857 0 0)
			(-67.786 0 0)
			(-67.715 0 0)
			(-67.644 0 0)
			(-67.573 0 0)
			(-67.503 0 0)
			(-67.432 0 0)
			(-67.361 0 0)
			(-67.29 0 0)
			(-67.219 0 0)
			(-67.148 0 0)
			(-67.077 0 0)
			(-67.006 0 0)
			(-66.936 0 0)
			(-66.865 0 0)
			(-66.794 0 0)
			(-66.723 0 0)
			(-66.652 0 0)
			(-66.581 0 0)
			(-66.51 0 0)
			(-66.44 0 0)
			(-66.369 0 0)
			(-66.298 0 0)
			(-66.227 0 0)
			(-66.156 0 0)
			(-66.085 0 0)
			(-66.014 0 0)
			(-65.943 0 0)
			(-65.873 0 0)
			(-65.802 0 0)
			(-65.731 0 0)
			(-65.66 0 0)
			(-65.589 0 0)
			(-65.518 0 0)
			(-65.447 0 0)
			(-65.376 0 0)
			(-65.306 0 0)
			(-65.235 0 0)
			(-65.164 0 0)
			(-65.093 0 0)
			(-65.022 0 0)
			(-64.951 0 0)
			(-64.88 0 0)
			(-64.81 0 0)
			(-64.739 0 0)
			(-64.668 0 0)
			(-64.597 0 0)
			(-64.526 0 0)
			(-64.455 0 0)
			(-64.384 0 0)
			(-64.313 0 0)
			(-64.243 0 0)
			(-64.172 0 0)
			(-64.101 0 0)
			(-64.03 0 0)
			(-63.959 0 0)
			(-63.888 0 0)
			(-63.817 0 0)
			(-63.747 0 0)
			(-63.676 0 0)
			(-63.605 0 0)
			(-63.534 0 0)
			(-63.463 0 0)
			(-63.392 0 0)
			(-63.321 0 0)
			(-63.25 0 0)
			(-63.18 0 0)
			(-63.109 0 0)
			(-63.038 0 0)
			(-62.967 0 0)
			(-62.896 0 0)
			(-62.825 0 0)
			(-62.754 0 0)
			(-62.683 0 0)
			(-62.613 0 0)
			(-62.542 0 0)
			(-62.471 0 0)
			(-62.4 0 0)
			(-62.329 0 0)
			(-62.258 0 0)
			(-62.187 0 0)
			(-62.117 0 0)
			(-62.046 0 0)
			(-61.975 0 0)
			(-61.904 0 0)
			(-61.833 0 0)
			(-61.762 0 0)
			(-61.691 0 0)
			(-61.62 0 0)
			(-61.55 0 0)
			(-61.479 0 0)
			(-61.408 0 0)
			(-61.337 0 0)
			(-61.266 0 0)
			(-61.195 0 0)
			(-61.124 0 0)
			(-61.053 0 0)
			(-60.983 0 0)
			(-60.912 0 0)
			(-60.841 0 0)
			(-60.77 0 0)
			(-60.699 0 0)
			(-60.628 0 0)
			(-60.557 0 0)
			(-60.487 0 0)
			(-60.416 0 0)
			(-60.345 0 0)
			(-60.274 0 0)
			(-60.203 0 0)
			(-60.132 0 0)
			(-60.061 0 0)
			(-59.99 0 0)
			(-59.92 0 0)
			(-59.849 0 0)
			(-59.778 0 0)
			(-59.707 0 0)
			(-59.636 0 0)
			(-59.565 0 0)
			(-59.494 0 0)
			(-59.424 0 0)
			(-59.353 0 0)
			(-59.282 0 0)
			(-59.211 0 0)
			(-59.14 0 0)
			(-59.069 0 0)
			(-58.998 0 0)
			(-58.927 0 0)
			(-58.857 0 0)
			(-58.786 0 0)
			(-58.715 0 0)
			(-58.644 0 0)
			(-58.573 0 0)
			(-58.502 0 0)
			(-58.431 0 0)
			(-58.36 0 0)
			(-58.29 0 0)
			(-58.219 0 0)
			(-58.148 0 0)
			(-58.077 0 0)
			(-58.006 0 0)
			(-57.935 0 0)
			(-57.864 0 0)
			(-57.794 0 0)
			(-57.723 0 0)
			(-57.652 0 0)
			(-57.581 0 0)
			(-57.51 0 0)
			(-57.439 0 0)
			(-57.368 0 0)
			(-57.297 0 0)
			(-57.227 0 0)
			(-57.156 0 0)
			(-57.085 0 0)
			(-57.014 0 0)
			(-56.943 0 0)
			(-56.872 0 0)
			(-56.801 0 0)
			(-56.73 0 0)
			(-56.66 0 0)
			(-56.589 0 0)
			(-56.518 0 0)
			(-56.447 0 0)
			(-56.376 0 0)
			(-56.305 0 0)
			(-56.234 0 0)
			(-56.164 0 0)
			(-56.093 0 0)
			(-56.022 0 0)
			(-55.951 0 0)
			(-55.88 0 0)
			(-55.809 0 0)
			(-55.738 0 0)
			(-55.667 0 0)
			(-55.597 0 0)
			(-55.526 0 0)
			(-55.455 0 0)
			(-55.384 0 0)
			(-55.313 0 0)
			(-55.242 0 0)
			(-55.171 0 0)
			(-55.101 0 0)
			(-55.03 0 0)
			(-54.959 0 0)
			(-54.888 0 0)
			(-54.817 0 0)
			(-54.746 0 0)
			(-54.675 0 0)
			(-54.604 0 0)
			(-54.534 0 0)
			(-54.463 0 0)
			(-54.392 0 0)
			(-54.321 0 0)
			(-54.25 0 0)
			(-54.179 0 0)
			(-54.108 0 0)
			(-54.037 0 0)
			(-53.967 0 0)
			(-53.896 0 0)
			(-53.825 0 0)
			(-53.754 0 0)
			(-53.683 0 0)
			(-53.612 0 0)
			(-53.541 0 0)
			(-53.471 0 0)
			(-53.4 0 0)
			(-53.329 0 0)
			(-53.258 0 0)
			(-53.187 0 0)
			(-53.116 0 0)
			(-53.045 0 0)
			(-52.974 0 0)
			(-52.904 0 0)
			(-52.833 0 0)
			(-52.762 0 0)
			(-52.691 0 0)
			(-52.62 0 0)
			(-52.549 0 0)
			(-52.478 0 0)
			(-52.407 0 0)
			(-52.337 0 0)
			(-52.266 0 0)
			(-52.195 0 0)
			(-52.124 0 0)
			(-52.053 0 0)
			(-51.982 0 0)
			(-51.911 0 0)
			(-51.841 0 0)
			(-51.77 0 0)
			(-51.699 0 0)
			(-51.628 0 0)
			(-51.557 0 0)
			(-51.486 0 0)
			(-51.415 0 0)
			(-51.344 0 0)
			(-51.274 0 0)
			(-51.203 0 0)
			(-51.132 0 0)
			(-51.061 0 0)
			(-50.99 0 0)
			(-50.919 0 0)
			(-50.848 0 0)
			(-50.778 0 0)
			(-50.707 0 0)
			(-50.636 0 0)
			(-50.565 0 0)
			(-50.494 0 0)
			(-50.423 0 0)
			(-50.352 0 0)
			(-50.281 0 0)
			(-50.211 0 0)
			(-50.14 0 0)
			(-50.069 0 0)
			(-49.998 0 0)
			(-49.927 0 0)
			(-49.856 0 0)
			(-49.785 0 0)
			(-49.714 0 0)
			(-49.644 0 0)
			(-49.573 0 0)
			(-49.502 0 0)
			(-49.431 0 0)
			(-49.36 0 0)
			(-49.289 0 0)
			(-49.218 0 0)
			(-49.148 0 0)
			(-49.077 0 0)
			(-49.006 0 0)
			(-48.935 0 0)
			(-48.864 0 0)
			(-48.793 0 0)
			(-48.722 0 0)
			(-48.651 0 0)
			(-48.581 0 0)
			(-48.51 0 0)
			(-48.439 0 0)
			(-48.368 0 0)
			(-48.297 0 0)
			(-48.226 0 0)
			(-48.155 0 0)
			(-48.084 0 0)
			(-48.014 0 0)
			(-47.943 0 0)
			(-47.872 0 0)
			(-47.801 0 0)
			(-47.73 0 0)
			(-47.659 0 0)
			(-47.588 0 0)
			(-47.518 0 0)
			(-47.447 0 0)
			(-47.376 0 0)
			(-47.305 0 0)
			(-47.234 0 0)
			(-47.163 0 0)
			(-47.092 0 0)
			(-47.021 0 0)
			(-46.951 0 0)
			(-46.88 0 0)
			(-46.809 0 0)
			(-46.738 0 0)
			(-46.667 0 0)
			(-46.596 0 0)
			(-46.525 0 0)
			(-46.455 0 0)
			(-46.384 0 0)
			(-46.313 0 0)
			(-46.242 0 0)
			(-46.171 0 0)
			(-46.1 0 0)
			(-46.029 0 0)
			(-45.958 0 0)
			(-45.888 0 0)
			(-45.817 0 0)
			(-45.746 0 0)
			(-45.675 0 0)
			(-45.604 0 0)
			(-45.533 0 0)
			(-45.462 0 0)
			(-45.391 0 0)
			(-45.321 0 0)
			(-45.25 0 0)
			(-45.179 0 0)
			(-45.108 0 0)
			(-45.037 0 0)
			(-44.966 0 0)
			(-44.895 0 0)
			(-44.825 0 0)
			(-44.754 0 0)
			(-44.683 0 0)
			(-44.612 0 0)
			(-44.541 0 0)
			(-44.47 0 0)
			(-44.399 0 0)
			(-44.328 0 0)
			(-44.258 0 0)
			(-44.187 0 0)
			(-44.116 0 0)
			(-44.045 0 0)
			(-43.974 0 0)
			(-43.903 0 0)
			(-43.832 0 0)
			(-43.761 0 0)
			(-43.691 0 0)
			(-43.62 0 0)
			(-43.549 0 0)
			(-43.478 0 0)
			(-43.407 0 0)
			(-43.336 0 0)
			(-43.265 0 0)
			(-43.195 0 0)
			(-43.124 0 0)
			(-43.053 0 0)
			(-42.982 0 0)
			(-42.911 0 0)
			(-42.84 0 0)
			(-42.769 0 0)
			(-42.698 0 0)
			(-42.628 0 0)
			(-42.557 0 0)
			(-42.486 0 0)
			(-42.415 0 0)
			(-42.344 0 0)
			(-42.273 0 0)
			(-42.202 0 0)
			(-42.132 0 0)
			(-42.061 0 0)
			(-41.99 0 0)
			(-41.919 0 0)
			(-41.848 0 0)
			(-41.777 0 0)
			(-41.706 0 0)
			(-41.635 0 0)
			(-41.565 0 0)
			(-41.494 0 0)
			(-41.423 0 0)
			(-41.352 0 0)
			(-41.281 0 0)
			(-41.21 0 0)
			(-41.139 0 0)
			(-41.068 0 0)
			(-40.998 0 0)
			(-40.927 0 0)
			(-40.856 0 0)
			(-40.785 0 0)
			(-40.714 0 0)
			(-40.643 0 0)
			(-40.572 0 0)
			(-40.502 0 0)
			(-40.431 0 0)
			(-40.36 0 0)
			(-40.289 0 0)
			(-40.218 0 0)
			(-40.147 0 0)
			(-40.076 0 0)
			(-40.005 0 0)
			(-39.935 0 0)
			(-39.864 0 0)
			(-39.793 0 0)
			(-39.722 0 0)
			(-39.651 0 0)
			(-39.58 0 0)
			(-39.509 0 0)
			(-39.439 0 0)
			(-39.368 0 0)
			(-39.297 0 0)
			(-39.226 0 0)
			(-39.155 0 0)
			(-39.084 0 0)
			(-39.013 0 0)
			(-38.942 0 0)
			(-38.872 0 0)
			(-38.801 0 0)
			(-38.73 0 0)
			(-38.659 0 0)
			(-38.588 0 0)
			(-38.517 0 0)
			(-38.446 0 0)
			(-38.375 0 0)
			(-38.305 0 0)
			(-38.234 0 0)
			(-38.163 0 0)
			(-38.092 0 0)
			(-38.021 0 0)
			(-37.95 0 0)
			(-37.879 0 0)
			(-37.809 0 0)
			(-37.738 0 0)
			(-37.667 0 0)
			(-37.596 0 0)
			(-37.525 0 0)
			(-37.454 0 0)
			(-37.383 0 0)
			(-37.312 0 0)
			(-37.242 0 0)
			(-37.171 0 0)
			(-37.1 0 0)
			(-37.029 0 0)
			(-36.958 0 0)
			(-36.887 0 0)
			(-36.816 0 0)
			(-36.745 0 0)
			(-36.675 0 0)
			(-36.604 0 0)
			(-36.533 0 0)
			(-36.462 0 0)
			(-36.391 0 0)
			(-36.32 0 0)
			(-36.249 0 0)
			(-36.179 0 0)
			(-36.108 0 0)
			(-36.037 0 0)
			(-35.966 0 0)
			(-35.895 0 0)
			(-35.824 0 0)
			(-35.753 0 0)
			(-35.682 0 0)
			(-35.612 0 0)
			(-35.541 0 0)
			(-35.47 0 0)
			(-35.399 0 0)
			(-35.328 0 0)
			(-35.257 0 0)
			(-35.186 0 0)
			(-35.116 0 0)
			(-35.045 0 0)
			(-34.974 0 0)
			(-34.903 0 0)
			(-34.832 0 0)
			(-34.761 0 0)
			(-34.69 0 0)
			(-34.619 0 0)
			(-34.549 0 0)
			(-34.478 0 0)
			(-34.407 0 0)
			(-34.336 0 0)
			(-34.265 0 0)
			(-34.194 0 0)
			(-34.123 0 0)
			(-34.052 0 0)
			(-33.982 0 0)
			(-33.911 0 0)
			(-33.84 0 0)
			(-33.769 0 0)
			(-33.698 0 0)
			(-33.627 0 0)
			(-33.556 0 0)
			(-33.486 0 0)
			(-33.415 0 0)
			(-33.344 0 0)
			(-33.273 0 0)
			(-33.202 0 0)
			(-33.131 0 0)
			(-33.06 0 0)
			(-32.989 0 0)
			(-32.919 0 0)
			(-32.848 0 0)
			(-32.777 0 0)
			(-32.706 0 0)
			(-32.635 0 0)
			(-32.564 0 0)
			(-32.493 0 0)
			(-32.422 0 0)
			(-32.352 0 0)
			(-32.281 0 0)
			(-32.21 0 0)
			(-32.139 0 0)
			(-32.068 0 0)
			(-31.997 0 0)
			(-31.926 0 0)
			(-31.856 0 0)
			(-31.785 0 0)
			(-31.714 0 0)
			(-31.643 0 0)
			(-31.572 0 0)
			(-31.501 0 0)
			(-31.43 0 0)
			(-31.359 0 0)
			(-31.289 0 0)
			(-31.218 0 0)
			(-31.147 0 0)
			(-31.076 0 0)
			(-31.005 0 0)
			(-30.934 0 0)
			(-30.863 0 0)
			(-30.793 0 0)
			(-30.722 0 0)
			(-30.651 0 0)
			(-30.58 0 0)
			(-30.509 0 0)
			(-30.438 0 0)
			(-30.367 0 0)
			(-30.296 0 0)
			(-30.226 0 0)
			(-30.155 0 0)
			(-30.084 0 0)
			(-30.013 0 0)
			(-29.942 0 0)
			(-29.871 0 0)
			(-29.8 0 0)
			(-29.729 0 0)
			(-29.659 0 0)
			(-29.588 0 0)
			(-29.517 0 0)
			(-29.446 0 0)
			(-29.375 0 0)
			(-29.304 0 0)
			(-29.233 0 0)
			(-29.163 0 0)
			(-29.092 0 0)
			(-29.021 0 0)
			(-28.95 0 0)
			(-28.879 0 0)
			(-28.808 0 0)
			(-28.737 0 0)
			(-28.666 0 0)
			(-28.596 0 0)
			(-28.525 0 0)
			(-28.454 0 0)
			(-28.383 0 0)
			(-28.312 0 0)
			(-28.241 0 0)
			(-28.17 0 0)
			(-28.099 0 0)
			(-28.029 0 0)
			(-27.958 0 0)
			(-27.887 0 0)
			(-27.816 0 0)
			(-27.745 0 0)
			(-27.674 0 0)
			(-27.603 0 0)
			(-27.533 0 0)
			(-27.462 0 0)
			(-27.391 0 0)
			(-27.32 0 0)
			(-27.249 0 0)
			(-27.178 0 0)
			(-27.107 0 0)
			(-27.036 0 0)
			(-26.966 0 0)
			(-26.895 0 0)
			(-26.824 0 0)
			(-26.753 0 0)
			(-26.682 0 0)
			(-26.611 0 0)
			(-26.54 0 0)
			(-26.47 0 0)
			(-26.399 0 0)
			(-26.328 0 0)
			(-26.257 0 0)
			(-26.186 0 0)
			(-26.115 0 0)
			(-26.044 0 0)
			(-25.973 0 0)
			(-25.903 0 0)
			(-25.832 0 0)
			(-25.761 0 0)
			(-25.69 0 0)
			(-25.619 0 0)
			(-25.548 0 0)
			(-25.477 0 0)
			(-25.406 0 0)
			(-25.336 0 0)
			(-25.265 0 0)
			(-25.194 0 0)
			(-25.123 0 0)
			(-25.052 0 0)
			(-24.981 0 0)
			(-24.91 0 0)
			(-24.84 0 0)
			(-24.769 0 0)
			(-24.698 0 0)
			(-24.627 0 0)
			(-24.556 0 0)
			(-24.485 0 0)
			(-24.414 0 0)
			(-24.343 0 0)
			(-24.273 0 0)
			(-24.202 0 0)
			(-24.131 0 0)
			(-24.06 0 0)
			(-23.989 0 0)
			(-23.918 0 0)
			(-23.847 0 0)
			(-23.776 0 0)
			(-23.706 0 0)
			(-23.635 0 0)
			(-23.564 0 0)
			(-23.493 0 0)
			(-23.422 0 0)
			(-23.351 0 0)
			(-23.28 0 0)
			(-23.21 0 0)
			(-23.139 0 0)
			(-23.068 0 0)
			(-22.997 0 0)
			(-22.926 0 0)
			(-22.855 0 0)
			(-22.784 0 0)
			(-22.713 0 0)
			(-22.643 0 0)
			(-22.572 0 0)
			(-22.501 0 0)
			(-22.43 0 0)
			(-22.359 0 0)
			(-22.288 0 0)
			(-22.217 0 0)
			(-22.147 0 0)
			(-22.076 0 0)
			(-22.005 0 0)
			(-21.934 0 0)
			(-21.863 0 0)
			(-21.792 0 0)
			(-21.721 0 0)
			(-21.65 0 0)
			(-21.58 0 0)
			(-21.509 0 0)
			(-21.438 0 0)
			(-21.367 0 0)
			(-21.296 0 0)
			(-21.225 0 0)
			(-21.154 0 0)
			(-21.083 0 0)
			(-21.013 0 0)
			(-20.942 0 0)
			(-20.871 0 0)
			(-20.8 0 0)
			(-20.729 0 0)
			(-20.658 0 0)
			(-20.587 0 0)
			(-20.517 0 0)
			(-20.446 0 0)
			(-20.375 0 0)
			(-20.304 0 0)
			(-20.233 0 0)
			(-20.162 0 0)
			(-20.091 0 0)
			(-20.02 0 0)
			(-19.95 0 0)
			(-19.879 0 0)
			(-19.808 0 0)
			(-19.737 0 0)
			(-19.666 0 0)
			(-19.595 0 0)
			(-19.524 0 0)
			(-19.453 0 0)
			(-19.383 0 0)
			(-19.312 0 0)
			(-19.241 0 0)
			(-19.17 0 0)
			(-19.099 0 0)
			(-19.028 0 0)
			(-18.957 0 0)
			(-18.887 0 0)
			(-18.816 0 0)
			(-18.745 0 0)
			(-18.674 0 0)
			(-18.603 0 0)
			(-18.532 0 0)
			(-18.461 0 0)
			(-18.39 0 0)
			(-18.32 0 0)
			(-18.249 0 0)
			(-18.178 0 0)
			(-18.107 0 0)
			(-18.036 0 0)
			(-17.965 0 0)
			(-17.894 0 0)
			(-17.824 0 0)
			(-17.753 0 0)
			(-17.682 0 0)
			(-17.611 0 0)
			(-17.54 0 0)
			(-17.469 0 0)
			(-17.398 0 0)
			(-17.327 0 0)
			(-17.257 0 0)
			(-17.186 0 0)
			(-17.115 0 0)
			(-17.044 0 0)
			(-16.973 0 0)
			(-16.902 0 0)
			(-16.831 0 0)
			(-16.76 0 0)
			(-16.69 0 0)
			(-16.619 0 0)
			(-16.548 0 0)
			(-16.477 0 0)
			(-16.406 0 0)
			(-16.335 0 0)
			(-16.264 0 0)
			(-16.194 0 0)
			(-16.123 0 0)
			(-16.052 0 0)
			(-15.981 0 0)
			(-15.91 0 0)
			(-15.839 0 0)
			(-15.768 0 0)
			(-15.697 0 0)
			(-15.627 0 0)
			(-15.556 0 0)
			(-15.485 0 0)
			(-15.414 0 0)
			(-15.343 0 0)
			(-15.272 0 0)
			(-15.201 0 0)
			(-15.13 0 0)
			(-15.06 0 0)
			(-14.989 0 0)
			(-14.918 0 0)
			(-14.847 0 0)
			(-14.776 0 0)
			(-14.705 0 0)
			(-14.634 0 0)
			(-14.564 0 0)
			(-14.493 0 0)
			(-14.422 0 0)
			(-14.351 0 0)
			(-14.28 0 0)
			(-14.209 0 0)
			(-14.138 0 0)
			(-14.067 0 0)
			(-13.997 0 0)
			(-13.926 0 0)
			(-13.855 0 0)
			(-13.784 0 0)
			(-13.713 0 0)
			(-13.642 0 0)
			(-13.571 0 0)
			(-13.501 0 0)
			(-13.43 0 0)
			(-13.359 0 0)
			(-13.288 0 0)
			(-13.217 0 0)
			(-13.146 0 0)
			(-13.075 0 0)
			(-13.004 0 0)
			(-12.934 0 0)
			(-12.863 0 0)
			(-12.792 0 0)
			(-12.721 0 0)
			(-12.65 0 0)
			(-12.579 0 0)
			(-12.508 0 0)
			(-12.437 0 0)
			(-12.367 0 0)
			(-12.296 0 0)
			(-12.225 0 0)
			(-12.154 0 0)
			(-12.083 0 0)
			(-12.012 0 0)
			(-11.941 0 0)
			(-11.871 0 0)
			(-11.8 0 0)
			(-11.729 0 0)
			(-11.658 0 0)
			(-11.587 0 0)
			(-11.516 0 0)
			(-11.445 0 0)
			(-11.374 0 0)
			(-11.304 0 0)
			(-11.233 0 0)
			(-11.162 0 0)
			(-11.091 0 0)
			(-11.02 0 0)
			(-10.949 0 0)
			(-10.878 0 0)
			(-10.807 0 0)
			(-10.737 0 0)
			(-10.666 0 0)
			(-10.595 0 0)
			(-10.524 0 0)
			(-10.453 0 0)
			(-10.382 0 0)
			(-10.311 0 0)
			(-10.241 0 0)
			(-10.17 0 0)
			(-10.099 0 0)
			(-10.028 0 0)
			(-9.957 0 0)
			(-9.886 0 0)
			(-9.815 0 0)
			(-9.744 0 0)
			(-9.674 0 0)
			(-9.603 0 0)
			(-9.532 0 0)
			(-9.461 0 0)
			(-9.39 0 0)
			(-9.319 0 0)
			(-9.248 0 0)
			(-9.178 0 0)
			(-9.107 0 0)
			(-9.036 0 0)
			(-8.965 0 0)
			(-8.894 0 0)
			(-8.823 0 0)
			(-8.752 0 0)
			(-8.681 0 0)
			(-8.611 0 0)
			(-8.54 0 0)
			(-8.469 0 0)
			(-8.398 0 0)
			(-8.327 0 0)
			(-8.256 0 0)
			(-8.185 0 0)
			(-8.114 0 0)
			(-8.044 0 0)
			(-7.973 0 0)
			(-7.902 0 0)
			(-7.831 0 0)
			(-7.76 0 0)
			(-7.689 0 0)
			(-7.618 0 0)
			(-7.548 0 0)
			(-7.477 0 0)
			(-7.406 0 0)
			(-7.335 0 0)
			(-7.264 0 0)
			(-7.193 0 0)
			(-7.122 0 0)
			(-7.051 0 0)
			(-6.981 0 0)
			(-6.91 0 0)
			(-6.839 0 0)
			(-6.768 0 0)
			(-6.697 0 0)
			(-6.626 0 0)
			(-6.555 0 0)
			(-6.484 0 0)
			(-6.414 0 0)
			(-6.343 0 0)
			(-6.272 0 0)
			(-6.201 0 0)
			(-6.13 0 0)
			(-6.059 0 0)
			(-5.988 0 0)
			(-5.918 0 0)
			(-5.847 0 0)
			(-5.776 0 0)
			(-5.705 0 0)
			(-5.634 0 0)
			(-5.563 0 0)
			(-5.492 0 0)
			(-5.421 0 0)
			(-5.351 0 0)
			(-5.28 0 0)
			(-5.209 0 0)
			(-5.138 0 0)
			(-5.067 0 0)
			(-4.996 0 0)
			(-4.925 0 0)
			(-4.855 0 0)
			(-4.784 0 0)
			(-4.713 0 0)
			(-4.642 0 0)
			(-4.571 0 0)
			(-4.5 0 0)
			(-4.429 0 0)
			(-4.358 0 0)
			(-4.288 0 0)
			(-4.217 0 0)
			(-4.146 0 0)
			(-4.075 0 0)
			(-4.004 0 0)
			(-3.933 0 0)
			(-3.862 0 0)
			(-3.791 0 0)
			(-3.721 0 0)
			(-3.65 0 0)
			(-3.579 0 0)
			(-3.508 0 0)
			(-3.437 0 0)
			(-3.366 0 0)
			(-3.295 0 0)
			(-3.225 0 0)
			(-3.154 0 0)
			(-3.083 0 0)
			(-3.012 0 0)
			(-2.941 0 0)
			(-2.87 0 0)
			(-2.799 0 0)
			(-2.728 0 0)
			(-2.658 0 0)
			(-2.587 0 0)
			(-2.516 0 0)
			(-2.445 0 0)
			(-2.374 0 0)
			(-2.303 0 0)
			(-2.232 0 0)
			(-2.161 0 0)
			(-2.091 0 0)
			(-2.02 0 0)
			(-1.949 0 0)
			(-1.878 0 0)
			(-1.807 0 0)
			(-1.736 0 0)
			(-1.665 0 0)
			(-1.595 0 0)
			(-1.524 0 0)
			(-1.453 0 0)
			(-1.382 0 0)
			(-1.311 0 0)
			(-1.24 0 0)
			(-1.169 0 0)
			(-1.098 0 0)
			(-1.028 0 0)
			(-0.957 0 0)
			(-0.886 0 0)
			(-0.815 0 0)
			(-0.744 0 0)
			(-0.673 0 0)
			(-0.602 0 0)
			(-0.532 0 0)
			(-0.461 0 0)
			(-0.39 0 0)
			(-0.319 0 0)
			(-0.248 0 0)
			(-0.177 0 0)
			(-0.106 0 0)
			(-0.035 0 0)
			(0.035 0 0)
			(0.106 0 0)
			(0.177 0 0)
			(0.248 0 0)
			(0.319 0 0)
			(0.39 0 0)
			(0.461 0 0)
			(0.532 0 0)
			(0.602 0 0)
			(0.673 0 0)
			(0.744 0 0)
			(0.815 0 0)
			(0.886 0 0)
			(0.957 0 0)
			(1.028 0 0)
			(1.098 0 0)
			(1.169 0 0)
			(1.24 0 0)
			(1.311 0 0)
			(1.382 0 0)
			(1.453 0 0)
			(1.524 0 0)
			(1.595 0 0)
			(1.665 0 0)
			(1.736 0 0)
			(1.807 0 0)
			(1.878 0 0)
			(1.949 0 0)
			(2.02 0 0)
			(2.091 0 0)
			(2.161 0 0)
			(2.232 0 0)
			(2.303 0 0)
			(2.374 0 0)
			(2.445 0 0)
			(2.516 0 0)
			(2.587 0 0)
			(2.658 0 0)
			(2.728 0 0)
			(2.799 0 0)
			(2.87 0 0)
			(2.941 0 0)
			(3.012 0 0)
			(3.083 0 0)
			(3.154 0 0)
			(3.225 0 0)
			(3.295 0 0)
			(3.366 0 0)
			(3.437 0 0)
			(3.508 0 0)
			(3.579 0 0)
			(3.65 0 0)
			(3.721 0 0)
			(3.791 0 0)
			(3.862 0 0)
			(3.933 0 0)
			(4.004 0 0)
			(4.075 0 0)
			(4.146 0 0)
			(4.217 0 0)
			(4.288 0 0)
			(4.358 0 0)
			(4.429 0 0)
			(4.5 0 0)
			(4.571 0 0)
			(4.642 0 0)
			(4.713 0 0)
			(4.784 0 0)
			(4.855 0 0)
			(4.925 0 0)
			(4.996 0 0)
			(5.067 0 0)
			(5.138 0 0)
			(5.209 0 0)
			(5.28 0 0)
			(5.351 0 0)
			(5.421 0 0)
			(5.492 0 0)
			(5.563 0 0)
			(5.634 0 0)
			(5.705 0 0)
			(5.776 0 0)
			(5.847 0 0)
			(5.918 0 0)
			(5.988 0 0)
			(6.059 0 0)
			(6.13 0 0)
			(6.201 0 0)
			(6.272 0 0)
			(6.343 0 0)
			(6.414 0 0)
			(6.484 0 0)
			(6.555 0 0)
			(6.626 0 0)
			(6.697 0 0)
			(6.768 0 0)
			(6.839 0 0)
			(6.91 0 0)
			(6.981 0 0)
			(7.051 0 0)
			(7.122 0 0)
			(7.193 0 0)
			(7.264 0 0)
			(7.335 0 0)
			(7.406 0 0)
			(7.477 0 0)
			(7.548 0 0)
			(7.618 0 0)
			(7.689 0 0)
			(7.76 0 0)
			(7.831 0 0)
			(7.902 0 0)
			(7.973 0 0)
			(8.044 0 0)
			(8.114 0 0)
			(8.185 0 0)
			(8.256 0 0)
			(8.327 0 0)
			(8.398 0 0)
			(8.469 0 0)
			(8.54 0 0)
			(8.611 0 0)
			(8.681 0 0)
			(8.752 0 0)
			(8.823 0 0)
			(8.894 0 0)
			(8.965 0 0)
			(9.036 0 0)
			(9.107 0 0)
			(9.178 0 0)
			(9.248 0 0)
			(9.319 0 0)
			(9.39 0 0)
			(9.461 0 0)
			(9.532 0 0)
			(9.603 0 0)
			(9.674 0 0)
			(9.744 0 0)
			(9.815 0 0)
			(9.886 0 0)
			(9.957 0 0)
			(10.028 0 0)
			(10.099 0 0)
			(10.17 0 0)
			(10.241 0 0)
			(10.311 0 0)
			(10.382 0 0)
			(10.453 0 0)
			(10.524 0 0)
			(10.595 0 0)
			(10.666 0 0)
			(10.737 0 0)
			(10.807 0 0)
			(10.878 0 0)
			(10.949 0 0)
			(11.02 0 0)
			(11.091 0 0)
			(11.162 0 0)
			(11.233 0 0)
			(11.304 0 0)
			(11.374 0 0)
			(11.445 0 0)
			(11.516 0 0)
			(11.587 0 0)
			(11.658 0 0)
			(11.729 0 0)
			(11.8 0 0)
			(11.871 0 0)
			(11.941 0 0)
			(12.012 0 0)
			(12.083 0 0)
			(12.154 0 0)
			(12.225 0 0)
			(12.296 0 0)
			(12.367 0 0)
			(12.437 0 0)
			(12.508 0 0)
			(12.579 0 0)
			(12.65 0 0)
			(12.721 0 0)
			(12.792 0 0)
			(12.863 0 0)
			(12.934 0 0)
			(13.004 0 0)
			(13.075 0 0)
			(13.146 0 0)
			(13.217 0 0)
			(13.288 0 0)
			(13.359 0 0)
			(13.43 0 0)
			(13.501 0 0)
			(13.571 0 0)
			(13.642 0 0)
			(13.713 0 0)
			(13.784 0 0)
			(13.855 0 0)
			(13.926 0 0)
			(13.997 0 0)
			(14.067 0 0)
			(14.138 0 0)
			(14.209 0 0)
			(14.28 0 0)
			(14.351 0 0)
			(14.422 0 0)
			(14.493 0 0)
			(14.564 0 0)
			(14.634 0 0)
			(14.705 0 0)
			(14.776 0 0)
			(14.847 0 0)
			(14.918 0 0)
			(14.989 0 0)
			(15.06 0 0)
			(15.13 0 0)
			(15.201 0 0)
			(15.272 0 0)
			(15.343 0 0)
			(15.414 0 0)
			(15.485 0 0)
			(15.556 0 0)
			(15.627 0 0)
			(15.697 0 0)
			(15.768 0 0)
			(15.839 0 0)
			(15.91 0 0)
			(15.981 0 0)
			(16.052 0 0)
			(16.123 0 0)
			(16.194 0 0)
			(16.264 0 0)
			(16.335 0 0)
			(16.406 0 0)
			(16.477 0 0)
			(16.548 0 0)
			(16.619 0 0)
			(16.69 0 0)
			(16.76 0 0)
			(16.831 0 0)
			(16.902 0 0)
			(16.973 0 0)
			(17.044 0 0)
			(17.115 0 0)
			(17.186 0 0)
			(17.257 0 0)
			(17.327 0 0)
			(17.398 0 0)
			(17.469 0 0)
			(17.54 0 0)
			(17.611 0 0)
			(17.682 0 0)
			(17.753 0 0)
			(17.824 0 0)
			(17.894 0 0)
			(17.965 0 0)
			(18.036 0 0)
			(18.107 0 0)
			(18.178 0 0)
			(18.249 0 0)
			(18.32 0 0)
			(18.39 0 0)
			(18.461 0 0)
			(18.532 0 0)
			(18.603 0 0)
			(18.674 0 0)
			(18.745 0 0)
			(18.816 0 0)
			(18.887 0 0)
			(18.957 0 0)
			(19.028 0 0)
			(19.099 0 0)
			(19.17 0 0)
			(19.241 0 0)
			(19.312 0 0)
			(19.383 0 0)
			(19.453 0 0)
			(19.524 0 0)
			(19.595 0 0)
			(19.666 0 0)
			(19.737 0 0)
			(19.808 0 0)
			(19.879 0 0)
			(19.95 0 0)
			(20.02 0 0)
			(20.091 0 0)
			(20.162 0 0)
			(20.233 0 0)
			(20.304 0 0)
			(20.375 0 0)
			(20.446 0 0)
			(20.517 0 0)
			(20.587 0 0)
			(20.658 0 0)
			(20.729 0 0)
			(20.8 0 0)
			(20.871 0 0)
			(20.942 0 0)
			(21.013 0 0)
			(21.083 0 0)
			(21.154 0 0)
			(21.225 0 0)
			(21.296 0 0)
			(21.367 0 0)
			(21.438 0 0)
			(21.509 0 0)
			(21.58 0 0)
			(21.65 0 0)
			(21.721 0 0)
			(21.792 0 0)
			(21.863 0 0)
			(21.934 0 0)
			(22.005 0 0)
			(22.076 0 0)
			(22.147 0 0)
			(22.217 0 0)
			(22.288 0 0)
			(22.359 0 0)
			(22.43 0 0)
			(22.501 0 0)
			(22.572 0 0)
			(22.643 0 0)
			(22.713 0 0)
			(22.784 0 0)
			(22.855 0 0)
			(22.926 0 0)
			(22.997 0 0)
			(23.068 0 0)
			(23.139 0 0)
			(23.21 0 0)
			(23.28 0 0)
			(23.351 0 0)
			(23.422 0 0)
			(23.493 0 0)
			(23.564 0 0)
			(23.635 0 0)
			(23.706 0 0)
			(23.776 0 0)
			(23.847 0 0)
			(23.918 0 0)
			(23.989 0 0)
			(24.06 0 0)
			(24.131 0 0)
			(24.202 0 0)
			(24.273 0 0)
			(24.343 0 0)
			(24.414 0 0)
			(24.485 0 0)
			(24.556 0 0)
			(24.627 0 0)
			(24.698 0 0)
			(24.769 0 0)
			(24.84 0 0)
			(24.91 0 0)
			(24.981 0 0)
			(25.052 0 0)
			(25.123 0 0)
			(25.194 0 0)
			(25.265 0 0)
			(25.336 0 0)
			(25.406 0 0)
			(25.477 0 0)
			(25.548 0 0)
			(25.619 0 0)
			(25.69 0 0)
			(25.761 0 0)
			(25.832 0 0)
			(25.903 0 0)
			(25.973 0 0)
			(26.044 0 0)
			(26.115 0 0)
			(26.186 0 0)
			(26.257 0 0)
			(26.328 0 0)
			(26.399 0 0)
			(26.47 0 0)
			(26.54 0 0)
			(26.611 0 0)
			(26.682 0 0)
			(26.753 0 0)
			(26.824 0 0)
			(26.895 0 0)
			(26.966 0 0)
			(27.036 0 0)
			(27.107 0 0)
			(27.178 0 0)
			(27.249 0 0)
			(27.32 0 0)
			(27.391 0 0)
			(27.462 0 0)
			(27.533 0 0)
			(27.603 0 0)
			(27.674 0 0)
			(27.745 0 0)
			(27.816 0 0)
			(27.887 0 0)
			(27.958 0 0)
			(28.029 0 0)
			(28.099 0 0)
			(28.17 0 0)
			(28.241 0 0)
			(28.312 0 0)
			(28.383 0 0)
			(28.454 0 0)
			(28.525 0 0)
			(28.596 0 0)
			(28.666 0 0)
			(28.737 0 0)
			(28.808 0 0)
			(28.879 0 0)
			(28.95 0 0)
			(29.021 0 0)
			(29.092 0 0)
			(29.163 0 0)
			(29.233 0 0)
			(29.304 0 0)
			(29.375 0 0)
			(29.446 0 0)
			(29.517 0 0)
			(29.588 0 0)
			(29.659 0 0)
			(29.729 0 0)
			(29.8 0 0)
			(29.871 0 0)
			(29.942 0 0)
			(30.013 0 0)
			(30.084 0 0)
			(30.155 0 0)
			(30.226 0 0)
			(30.296 0 0)
			(30.367 0 0)
			(30.438 0 0)
			(30.509 0 0)
			(30.58 0 0)
			(30.651 0 0)
			(30.722 0 0)
			(30.793 0 0)
			(30.863 0 0)
			(30.934 0 0)
			(31.005 0 0)
			(31.076 0 0)
			(31.147 0 0)
			(31.218 0 0)
			(31.289 0 0)
			(31.359 0 0)
			(31.43 0 0)
			(31.501 0 0)
			(31.572 0 0)
			(31.643 0 0)
			(31.714 0 0)
			(31.785 0 0)
			(31.856 0 0)
			(31.926 0 0)
			(31.997 0 0)
			(32.068 0 0)
			(32.139 0 0)
			(32.21 0 0)
			(32.281 0 0)
			(32.352 0 0)
			(32.422 0 0)
			(32.493 0 0)
			(32.564 0 0)
			(32.635 0 0)
			(32.706 0 0)
			(32.777 0 0)
			(32.848 0 0)
			(32.919 0 0)
			(32.989 0 0)
			(33.06 0 0)
			(33.131 0 0)
			(33.202 0 0)
			(33.273 0 0)
			(33.344 0 0)
			(33.415 0 0)
			(33.486 0 0)
			(33.556 0 0)
			(33.627 0 0)
			(33.698 0 0)
			(33.769 0 0)
			(33.84 0 0)
			(33.911 0 0)
			(33.982 0 0)
			(34.052 0 0)
			(34.123 0 0)
			(34.194 0 0)
			(34.265 0 0)
			(34.336 0 0)
			(34.407 0 0)
			(34.478 0 0)
			(34.549 0 0)
			(34.619 0 0)
			(34.69 0 0)
			(34.761 0 0)
			(34.832 0 0)
			(34.903 0 0)
			(34.974 0 0)
			(35.045 0 0)
			(35.116 0 0)
			(35.186 0 0)
			(35.257 0 0)
			(35.328 0 0)
			(35.399 0 0)
			(35.47 0 0)
			(35.541 0 0)
			(35.612 0 0)
			(35.682 0 0)
			(35.753 0 0)
			(35.824 0 0)
			(35.895 0 0)
			(35.966 0 0)
			(36.037 0 0)
			(36.108 0 0)
			(36.179 0 0)
			(36.249 0 0)
			(36.32 0 0)
			(36.391 0 0)
			(36.462 0 0)
			(36.533 0 0)
			(36.604 0 0)
			(36.675 0 0)
			(36.745 0 0)
			(36.816 0 0)
			(36.887 0 0)
			(36.958 0 0)
			(37.029 0 0)
			(37.1 0 0)
			(37.171 0 0)
			(37.242 0 0)
			(37.312 0 0)
			(37.383 0 0)
			(37.454 0 0)
			(37.525 0 0)
			(37.596 0 0)
			(37.667 0 0)
			(37.738 0 0)
			(37.809 0 0)
			(37.879 0 0)
			(37.95 0 0)
			(38.021 0 0)
			(38.092 0 0)
			(38.163 0 0)
			(38.234 0 0)
			(38.305 0 0)
			(38.375 0 0)
			(38.446 0 0)
			(38.517 0 0)
			(38.588 0 0)
			(38.659 0 0)
			(38.73 0 0)
			(38.801 0 0)
			(38.872 0 0)
			(38.942 0 0)
			(39.013 0 0)
			(39.084 0 0)
			(39.155 0 0)
			(39.226 0 0)
			(39.297 0 0)
			(39.368 0 0)
			(39.439 0 0)
			(39.509 0 0)
			(39.58 0 0)
			(39.651 0 0)
			(39.722 0 0)
			(39.793 0 0)
			(39.864 0 0)
			(39.935 0 0)
			(40.005 0 0)
			(40.076 0 0)
			(40.147 0 0)
			(40.218 0 0)
			(40.289 0 0)
			(40.36 0 0)
			(40.431 0 0)
			(40.502 0 0)
			(40.572 0 0)
			(40.643 0 0)
			(40.714 0 0)
			(40.785 0 0)
			(40.856 0 0)
			(40.927 0 0)
			(40.998 0 0)
			(41.068 0 0)
			(41.139 0 0)
			(41.21 0 0)
			(41.281 0 0)
			(41.352 0 0)
			(41.423 0 0)
			(41.494 0 0)
			(41.565 0 0)
			(41.635 0 0)
			(41.706 0 0)
			(41.777 0 0)
			(41.848 0 0)
			(41.919 0 0)
			(41.99 0 0)
			(42.061 0 0)
			(42.132 0 0)
			(42.202 0 0)
			(42.273 0 0)
			(42.344 0 0)
			(42.415 0 0)
			(42.486 0 0)
			(42.557 0 0)
			(42.628 0 0)
			(42.698 0 0)
			(42.769 0 0)
			(42.84 0 0)
			(42.911 0 0)
			(42.982 0 0)
			(43.053 0 0)
			(43.124 0 0)
			(43.195 0 0)
			(43.265 0 0)
			(43.336 0 0)
			(43.407 0 0)
			(43.478 0 0)
			(43.549 0 0)
			(43.62 0 0)
			(43.691 0 0)
			(43.761 0 0)
			(43.832 0 0)
			(43.903 0 0)
			(43.974 0 0)
			(44.045 0 0)
			(44.116 0 0)
			(44.187 0 0)
			(44.258 0 0)
			(44.328 0 0)
			(44.399 0 0)
			(44.47 0 0)
			(44.541 0 0)
			(44.612 0 0)
			(44.683 0 0)
			(44.754 0 0)
			(44.825 0 0)
			(44.895 0 0)
			(44.966 0 0)
			(45.037 0 0)
			(45.108 0 0)
			(45.179 0 0)
			(45.25 0 0)
			(45.321 0 0)
			(45.391 0 0)
			(45.462 0 0)
			(45.533 0 0)
			(45.604 0 0)
			(45.675 0 0)
			(45.746 0 0)
			(45.817 0 0)
			(45.888 0 0)
			(45.958 0 0)
			(46.029 0 0)
			(46.1 0 0)
			(46.171 0 0)
			(46.242 0 0)
			(46.313 0 0)
			(46.384 0 0)
			(46.455 0 0)
			(46.525 0 0)
			(46.596 0 0)
			(46.667 0 0)
			(46.738 0 0)
			(46.809 0 0)
			(46.88 0 0)
			(46.951 0 0)
			(47.021 0 0)
			(47.092 0 0)
			(47.163 0 0)
			(47.234 0 0)
			(47.305 0 0)
			(47.376 0 0)
			(47.447 0 0)
			(47.518 0 0)
			(47.588 0 0)
			(47.659 0 0)
			(47.73 0 0)
			(47.801 0 0)
			(47.872 0 0)
			(47.943 0 0)
			(48.014 0 0)
			(48.084 0 0)
			(48.155 0 0)
			(48.226 0 0)
			(48.297 0 0)
			(48.368 0 0)
			(48.439 0 0)
			(48.51 0 0)
			(48.581 0 0)
			(48.651 0 0)
			(48.722 0 0)
			(48.793 0 0)
			(48.864 0 0)
			(48.935 0 0)
			(49.006 0 0)
			(49.077 0 0)
			(49.148 0 0)
			(49.218 0 0)
			(49.289 0 0)
			(49.36 0 0)
			(49.431 0 0)
			(49.502 0 0)
			(49.573 0 0)
			(49.644 0 0)
			(49.714 0 0)
			(49.785 0 0)
			(49.856 0 0)
			(49.927 0 0)
			(49.998 0 0)
			(50.069 0 0)
			(50.14 0 0)
			(50.211 0 0)
			(50.281 0 0)
			(50.352 0 0)
			(50.423 0 0)
			(50.494 0 0)
			(50.565 0 0)
			(50.636 0 0)
			(50.707 0 0)
			(50.778 0 0)
			(50.848 0 0)
			(50.919 0 0)
			(50.99 0 0)
			(51.061 0 0)
			(51.132 0 0)
			(51.203 0 0)
			(51.274 0 0)
			(51.344 0 0)
			(51.415 0 0)
			(51.486 0 0)
			(51.557 0 0)
			(51.628 0 0)
			(51.699 0 0)
			(51.77 0 0)
			(51.841 0 0)
			(51.911 0 0)
			(51.982 0 0)
			(52.053 0 0)
			(52.124 0 0)
			(52.195 0 0)
			(52.266 0 0)
			(52.337 0 0)
			(52.407 0 0)
			(52.478 0 0)
			(52.549 0 0)
			(52.62 0 0)
			(52.691 0 0)
			(52.762 0 0)
			(52.833 0 0)
			(52.904 0 0)
			(52.974 0 0)
			(53.045 0 0)
			(53.116 0 0)
			(53.187 0 0)
			(53.258 0 0)
			(53.329 0 0)
			(53.4 0 0)
			(53.471 0 0)
			(53.541 0 0)
			(53.612 0 0)
			(53.683 0 0)
			(53.754 0 0)
			(53.825 0 0)
			(53.896 0 0)
			(53.967 0 0)
			(54.037 0 0)
			(54.108 0 0)
			(54.179 0 0)
			(54.25 0 0)
			(54.321 0 0)
			(54.392 0 0)
			(54.463 0 0)
			(54.534 0 0)
			(54.604 0 0)
			(54.675 0 0)
			(54.746 0 0)
			(54.817 0 0)
			(54.888 0 0)
			(54.959 0 0)
			(55.03 0 0)
			(55.101 0 0)
			(55.171 0 0)
			(55.242 0 0)
			(55.313 0 0)
			(55.384 0 0)
			(55.455 0 0)
			(55.526 0 0)
			(55.597 0 0)
			(55.667 0 0)
			(55.738 0 0)
			(55.809 0 0)
			(55.88 0 0)
			(55.951 0 0)
			(56.022 0 0)
			(56.093 0 0)
			(56.164 0 0)
			(56.234 0 0)
			(56.305 0 0)
			(56.376 0 0)
			(56.447 0 0)
			(56.518 0 0)
			(56.589 0 0)
			(56.66 0 0)
			(56.73 0 0)
			(56.801 0 0)
			(56.872 0 0)
			(56.943 0 0)
			(57.014 0 0)
			(57.085 0 0)
			(57.156 0 0)
			(57.227 0 0)
			(57.297 0 0)
			(57.368 0 0)
			(57.439 0 0)
			(57.51 0 0)
			(57.581 0 0)
			(57.652 0 0)
			(57.723 0 0)
			(57.794 0 0)
			(57.864 0 0)
			(57.935 0 0)
			(58.006 0 0)
			(58.077 0 0)
			(58.148 0 0)
			(58.219 0 0)
			(58.29 0 0)
			(58.36 0 0)
			(58.431 0 0)
			(58.502 0 0)
			(58.573 0 0)
			(58.644 0 0)
			(58.715 0 0)
			(58.786 0 0)
			(58.857 0 0)
			(58.927 0 0)
			(58.998 0 0)
			(59.069 0 0)
			(59.14 0 0)
			(59.211 0 0)
			(59.282 0 0)
			(59.353 0 0)
			(59.424 0 0)
			(59.494 0 0)
			(59.565 0 0)
			(59.636 0 0)
			(59.707 0 0)
			(59.778 0 0)
			(59.849 0 0)
			(59.92 0 0)
			(59.99 0 0)
			(60.061 0 0)
			(60.132 0 0)
			(60.203 0 0)
			(60.274 0 0)
			(60.345 0 0)
			(60.416 0 0)
			(60.487 0 0)
			(60.557 0 0)
			(60.628 0 0)
			(60.699 0 0)
			(60.77 0 0)
			(60.841 0 0)
			(60.912 0 0)
			(60.983 0 0)
			(61.053 0 0)
			(61.124 0 0)
			(61.195 0 0)
			(61.266 0 0)
			(61.337 0 0)
			(61.408 0 0)
			(61.479 0 0)
			(61.55 0 0)
			(61.62 0 0)
			(61.691 0 0)
			(61.762 0 0)
			(61.833 0 0)
			(61.904 0 0)
			(61.975 0 0)
			(62.046 0 0)
			(62.117 0 0)
			(62.187 0 0)
			(62.258 0 0)
			(62.329 0 0)
			(62.4 0 0)
			(62.471 0 0)
			(62.542 0 0)
			(62.613 0 0)
			(62.683 0 0)
			(62.754 0 0)
			(62.825 0 0)
			(62.896 0 0)
			(62.967 0 0)
			(63.038 0 0)
			(63.109 0 0)
			(63.18 0 0)
			(63.25 0 0)
			(63.321 0 0)
			(63.392 0 0)
			(63.463 0 0)
			(63.534 0 0)
			(63.605 0 0)
			(63.676 0 0)
			(63.747 0 0)
			(63.817 0 0)
			(63.888 0 0)
			(63.959 0 0)
			(64.03 0 0)
			(64.101 0 0)
			(64.172 0 0)
			(64.243 0 0)
			(64.313 0 0)
			(64.384 0 0)
			(64.455 0 0)
			(64.526 0 0)
			(64.597 0 0)
			(64.668 0 0)
			(64.739 0 0)
			(64.81 0 0)
			(64.88 0 0)
			(64.951 0 0)
			(65.022 0 0)
			(65.093 0 0)
			(65.164 0 0)
			(65.235 0 0)
			(65.306 0 0)
			(65.376 0 0)
			(65.447 0 0)
			(65.518 0 0)
			(65.589 0 0)
			(65.66 0 0)
			(65.731 0 0)
			(65.802 0 0)
			(65.873 0 0)
			(65.943 0 0)
			(66.014 0 0)
			(66.085 0 0)
			(66.156 0 0)
			(66.227 0 0)
			(66.298 0 0)
			(66.369 0 0)
			(66.44 0 0)
			(66.51 0 0)
			(66.581 0 0)
			(66.652 0 0)
			(66.723 0 0)
			(66.794 0 0)
			(66.865 0 0)
			(66.936 0 0)
			(67.006 0 0)
			(67.077 0 0)
			(67.148 0 0)
			(67.219 0 0)
			(67.29 0 0)
			(67.361 0 0)
			(67.432 0 0)
			(67.503 0 0)
			(67.573 0 0)
			(67.644 0 0)
			(67.715 0 0)
			(67.786 0 0)
			(67.857 0 0)
			(67.928 0 0)
			(67.999 0 0)
			(68.07 0 0)
			(68.14 0 0)
			(68.211 0 0)
			(68.282 0 0)
			(68.353 0 0)
			(68.424 0 0)
			(68.495 0 0)
			(68.566 0 0)
			(68.636 0 0)
			(68.707 0 0)
			(68.778 0 0)
			(68.849 0 0)
			(68.92 0 0)
			(68.991 0 0)
			(69.062 0 0)
			(69.133 0 0)
			(69.203 0 0)
			(69.274 0 0)
			(69.345 0 0)
			(69.416 0 0)
			(69.487 0 0)
			(69.558 0 0)
			(69.629 0 0)
			(69.699 0 0)
			(69.77 0 0)
			(69.841 0 0)
			(69.912 0 0)
			(69.983 0 0)
			(70.054 0 0)
			(70.125 0 0)
			(70.196 0 0)
			(70.266 0 0)
			(70.337 0 0)
			(70.408 0 0)
			(70.479 0 0)
			(70.55 0 0)
			(70.621 0 0)
			(70.692 0 0)
			(70.763 0 0)
			(70.833 0 0)
			(70.904 0 0)
			(70.975 0 0)
			(71.046 0 0)
			(71.117 0 0)
			(71.188 0 0)
			(71.259 0 0)
			(71.329 0 0)
			(71.4 0 0)
			(71.471 0 0)
			(71.542 0 0)
			(71.613 0 0)
			(71.684 0 0)
			(71.755 0 0)
			(71.826 0 0)
			(71.896 0 0)
			(71.967 0 0)
			(72.038 0 0)
			(72.109 0 0)
			(72.18 0 0)
			(72.251 0 0)
			(72.322 0 0)
			(72.393 0 0)
			(72.463 0 0)
			(72.534 0 0)
			(72.605 0 0)
			(72.676 0 0)
			(72.747 0 0)
			(72.818 0 0)
			(72.889 0 0)
			(72.959 0 0)
			(73.03 0 0)
			(73.101 0 0)
			(73.172 0 0)
			(73.243 0 0)
			(73.314 0 0)
			(73.385 0 0)
			(73.456 0 0)
			(73.526 0 0)
			(73.597 0 0)
			(73.668 0 0)
			(73.739 0 0)
			(73.81 0 0)
			(73.881 0 0)
			(73.952 0 0)
			(74.022 0 0)
			(74.093 0 0)
			(74.164 0 0)
			(74.235 0 0)
			(74.306 0 0)
			(74.377 0 0)
			(74.448 0 0)
			(74.519 0 0)
			(74.589 0 0)
			(74.66 0 0)
			(74.731 0 0)
			(74.802 0 0)
			(74.873 0 0)
			(74.944 0 0)
			(75.015 0 0)
			(75.086 0 0)
			(75.156 0 0)
			(75.227 0 0)
			(75.298 0 0)
			(75.369 0 0)
			(75.44 0 0)
			(75.511 0 0)
			(75.582 0 0)
			(75.652 0 0)
			(75.723 0 0)
			(75.794 0 0)
			(75.865 0 0)
			(75.936 0 0)
			(76.007 0 0)
			(76.078 0 0)
			(76.149 0 0)
			(76.219 0 0)
			(76.29 0 0)
			(76.361 0 0)
			(76.432 0 0)
			(76.503 0 0)
			(76.574 0 0)
			(76.645 0 0)
			(76.716 0 0)
			(76.786 0 0)
			(76.857 0 0)
			(76.928 0 0)
			(76.999 0 0)
			(77.07 0 0)
			(77.141 0 0)
			(77.212 0 0)
			(77.282 0 0)
			(77.353 0 0)
			(77.424 0 0)
			(77.495 0 0)
			(77.566 0 0)
			(77.637 0 0)
			(77.708 0 0)
			(77.779 0 0)
			(77.849 0 0)
			(77.92 0 0)
			(77.991 0 0)
			(78.062 0 0)
			(78.133 0 0)
			(78.204 0 0)
			(78.275 0 0)
			(78.345 0 0)
			(78.416 0 0)
			(78.487 0 0)
			(78.558 0 0)
			(78.629 0 0)
			(78.7 0 0)
			(78.771 0 0)
			(78.842 0 0)
			(78.912 0 0)
			(78.983 0 0)
			(79.054 0 0)
			(79.125 0 0)
			(79.196 0 0)
			(79.267 0 0)
			(79.338 0 0)
			(79.409 0 0)
			(79.479 0 0)
			(79.55 0 0)
			(79.621 0 0)
			(79.692 0 0)
			(79.763 0 0)
			(79.834 0 0)
			(79.905 0 0)
			(79.975 0 0)
			(80.046 0 0)
			(80.117 0 0)
			(80.188 0 0)
			(80.259 0 0)
			(80.33 0 0)
			(80.401 0 0)
			(80.472 0 0)
			(80.542 0 0)
			(80.613 0 0)
			(80.684 0 0)
			(80.755 0 0)
			(80.826 0 0)
			(80.897 0 0)
			(80.968 0 0)
			(81.039 0 0)
			(81.109 0 0)
			(81.18 0 0)
			(81.251 0 0)
			(81.322 0 0)
			(81.393 0 0)
			(81.464 0 0)
			(81.535 0 0)
			(81.605 0 0)
			(81.676 0 0)
			(81.747 0 0)
			(81.818 0 0)
			(81.889 0 0)
			(81.96 0 0)
			(82.031 0 0)
			(82.102 0 0)
			(82.172 0 0)
			(82.243 0 0)
			(82.314 0 0)
			(82.385 0 0)
			(82.456 0 0)
			(82.527 0 0)
			(82.598 0 0)
			(82.668 0 0)
			(82.739 0 0)
			(82.81 0 0)
			(82.881 0 0)
			(82.952 0 0)
			(83.023 0 0)
			(83.094 0 0)
			(83.165 0 0)
			(83.235 0 0)
			(83.306 0 0)
			(83.377 0 0)
			(83.448 0 0)
			(83.519 0 0)
			(83.59 0 0)
			(83.661 0 0)
			(83.732 0 0)
			(83.802 0 0)
			(83.873 0 0)
			(83.944 0 0)
			(84.015 0 0)
			(84.086 0 0)
			(84.157 0 0)
			(84.228 0 0)
			(84.298 0 0)
			(84.369 0 0)
			(84.44 0 0)
			(84.511 0 0)
			(84.582 0 0)
			(84.653 0 0)
			(84.724 0 0)
			(84.795 0 0)
			(84.865 0 0)
			(84.936 0 0)
			(85.007 0 0)
			(85.078 0 0)
			(85.149 0 0)
			(85.22 0 0)
			(85.291 0 0)
			(85.361 0 0)
			(85.432 0 0)
			(85.503 0 0)
			(85.574 0 0)
			(85.645 0 0)
			(85.716 0 0)
			(85.787 0 0)
			(85.858 0 0)
			(85.928 0 0)
			(85.999 0 0)
			(86.07 0 0)
			(86.141 0 0)
			(86.212 0 0)
			(86.283 0 0)
			(86.354 0 0)
			(86.425 0 0)
			(86.495 0 0)
			(86.566 0 0)
			(86.637 0 0)
			(86.708 0 0)
			(86.779 0 0)
			(86.85 0 0)
			(86.921 0 0)
			(86.991 0 0)
			(87.062 0 0)
			(87.133 0 0)
			(87.204 0 0)
			(87.275 0 0)
			(87.346 0 0)
			(87.417 0 0)
			(87.488 0 0)
			(87.558 0 0)
			(87.629 0 0)
			(87.7 0 0)
			(87.771 0 0)
			(87.842 0 0)
			(87.913 0 0)
			(87.984 0 0)
			(88.055 0 0)
			(88.125 0 0)
			(88.196 0 0)
			(88.267 0 0)
			(88.338 0 0)
			(88.409 0 0)
			(88.48 0 0)
			(88.551 0 0)
			(88.621 0 0)
			(88.692 0 0)
			(88.763 0 0)
			(88.834 0 0)
			(88.905 0 0)
			(88.976 0 0)
			(89.047 0 0)
			(89.118 0 0)
			(89.188 0 0)
			(89.259 0 0)
			(89.33 0 0)
			(89.401 0 0)
			(89.472 0 0)
			(89.543 0 0)
			(89.614 0 0)
			(89.684 0 0)
			(89.755 0 0)
			(89.826 0 0)
			(89.897 0 0)
			(89.968 0 0)
			(90.039 0 0)
			(90.11 0 0)
			(90.181 0 0)
			(90.251 0 0)
			(90.322 0 0)
			(90.393 0 0)
			(90.464 0 0)
			(90.535 0 0)
			(90.606 0 0)
			(90.677 0 0)
			(90.748 0 0)
			(90.818 0 0)
			(90.889 0 0)
			(90.96 0 0)
			(91.031 0 0)
			(91.102 0 0)
			(91.173 0 0)
			(91.244 0 0)
			(91.314 0 0)
			(91.385 0 0)
			(91.456 0 0)
			(91.527 0 0)
			(91.598 0 0)
			(91.669 0 0)
			(91.74 0 0)
			(91.811 0 0)
			(91.881 0 0)
			(91.952 0 0)
			(92.023 0 0)
			(92.094 0 0)
			(92.165 0 0)
			(92.236 0 0)
			(92.307 0 0)
			(92.378 0 0)
			(92.448 0 0)
			(92.519 0 0)
			(92.59 0 0)
			(92.661 0 0)
			(92.732 0 0)
			(92.803 0 0)
			(92.874 0 0)
			(92.944 0 0)
			(93.015 0 0)
			(93.086 0 0)
			(93.157 0 0)
			(93.228 0 0)
			(93.299 0 0)
			(93.37 0 0)
			(93.441 0 0)
			(93.511 0 0)
			(93.582 0 0)
			(93.653 0 0)
			(93.724 0 0)
			(93.795 0 0)
			(93.866 0 0)
			(93.937 0 0)
			(94.007 0 0)
			(94.078 0 0)
			(94.149 0 0)
			(94.22 0 0)
			(94.291 0 0)
			(94.362 0 0)
			(94.433 0 0)
			(94.504 0 0)
			(94.574 0 0)
			(94.645 0 0)
			(94.716 0 0)
			(94.787 0 0)
			(94.858 0 0)
			(94.929 0 0)
			(95.0 0 0)
			(95.071 0 0)
			(95.141 0 0)
			(95.212 0 0)
			(95.283 0 0)
			(95.354 0 0)
			(95.425 0 0)
			(95.496 0 0)
			(95.567 0 0)
			(95.637 0 0)
			(95.708 0 0)
			(95.779 0 0)
			(95.85 0 0)
			(95.921 0 0)
			(95.992 0 0)
			(96.063 0 0)
			(96.134 0 0)
			(96.204 0 0)
			(96.275 0 0)
			(96.346 0 0)
			(96.417 0 0)
			(96.488 0 0)
			(96.559 0 0)
			(96.63 0 0)
			(96.701 0 0)
			(96.771 0 0)
			(96.842 0 0)
			(96.913 0 0)
			(96.984 0 0)
			(97.055 0 0)
			(97.126 0 0)
			(97.197 0 0)
			(97.267 0 0)
			(97.338 0 0)
			(97.409 0 0)
			(97.48 0 0)
			(97.551 0 0)
			(97.622 0 0)
			(97.693 0 0)
			(97.764 0 0)
			(97.834 0 0)
			(97.905 0 0)
			(97.976 0 0)
			(98.047 0 0)
			(98.118 0 0)
			(98.189 0 0)
			(98.26 0 0)
			(98.33 0 0)
			(98.401 0 0)
			(98.472 0 0)
			(98.543 0 0)
			(98.614 0 0)
			(98.685 0 0)
			(98.756 0 0)
			(98.827 0 0)
			(98.897 0 0)
			(98.968 0 0)
			(99.039 0 0)
			(99.11 0 0)
			(99.181 0 0)
			(99.252 0 0)
			(99.323 0 0)
			(99.394 0 0)
			(99.464 0 0)
			(99.535 0 0)
			(99.606 0 0)
			(99.677 0 0)
			(99.748 0 0)
			(99.819 0 0)
			(99.89 0 0)
			(99.96 0 0)
			(100.031 0 0)
			(100.102 0 0)
			(100.173 0 0)
			(100.244 0 0)
			(100.315 0 0)
			(100.386 0 0)
			(100.457 0 0)
			(100.527 0 0)
			(100.598 0 0)
			(100.669 0 0)
			(100.74 0 0)
			(100.811 0 0)
			(100.882 0 0)
			(100.953 0 0)
			(101.024 0 0)
			(101.094 0 0)
			(101.165 0 0)
			(101.236 0 0)
			(101.307 0 0)
			(101.378 0 0)
			(101.449 0 0)
			(101.52 0 0)
			(101.59 0 0)
			(101.661 0 0)
			(101.732 0 0)
			(101.803 0 0)
			(101.874 0 0)
			(101.945 0 0)
			(102.016 0 0)
			(102.087 0 0)
			(102.157 0 0)
			(102.228 0 0)
			(102.299 0 0)
			(102.37 0 0)
			(102.441 0 0)
			(102.512 0 0)
			(102.583 0 0)
			(102.653 0 0)
			(102.724 0 0)
			(102.795 0 0)
			(102.866 0 0)
			(102.937 0 0)
			(103.008 0 0)
			(103.079 0 0)
			(103.15 0 0)
			(103.22 0 0)
			(103.291 0 0)
			(103.362 0 0)
			(103.433 0 0)
			(103.504 0 0)
			(103.575 0 0)
			(103.646 0 0)
			(103.717 0 0)
			(103.787 0 0)
			(103.858 0 0)
			(103.929 0 0)
			(104.0 0 0)
		);
        
}