# Probe 0 (-126 0 0)
# Probe 1 (-105 0 0)
# Probe 2 (-84 0 0)
# Probe 3 (-63 0 0)
# Probe 4 (-42 0 0)
# Probe 5 (-21 0 0)
# Probe 6 (0 0 0)
# Probe 7 (21 0 0)
# Probe 8 (42 0 0)
# Probe 9 (63 0 0)
# Probe 10 (84 0 0)
# Probe 11 (105 0 0)
# Probe 12 (126 0 0)
#           Probe                 0                 1                 2                 3                 4                 5                 6                 7                 8                 9                10                11                12
#            Time
             0.01            101325            101325            101325            101325            101325            101325            101325            101325            101325            101325            101325            101325            101325
             0.02            101325            101325            101325            101325            101325            101325            101325            101325            101325            101325            101325            101325            101325
             0.03            101325            101325            101325            101325            101325            101325            101325            101325            101325            101325            101325            101325            101325
             0.04            101325            101325            101325            101325            101325            101325            101325            101325            101325            101325            101325            101325            101325
             0.05            101325            101325            101325            101325            101325            101325            101325            101325            101325            101325            101325            101325            101325
             0.06            101325            101325            101325            101325            101325            101325            101325            101325            101325            101325            101325            101325            101325
             0.07            101325            101325            101325            101325            101325            101325            101325            101325            101325            101325            101325            101325            101325
             0.08            101325            101325            101325            101325            101325            101325            101325            101325            101325            101325            101325            101325            101325
             0.09            101325            101325            101325            101325            101325            101325            101325            101325            101325            101325            101325            101325            101325
              0.1            101325            101325            101325            101325            101325            101325            101325            101325            101325            101325            101325            101325            101325
             0.11            101325            101325            101325            101325            101325            101325       100998.6476            101325            101325            101325            101325            101325            101325
             0.12            101325            101325            101325            101325            101325            101325       100697.1661            101325            101325            101325            101325            101325            101325
             0.13            101325            101325            101325            101325            101325            101325       100813.6888       101324.9997            101325            101325            101325            101325            101325
             0.14            101325            101325            101325            101325            101325       101324.9999       101207.9182       101323.8053            101325            101325            101325            101325            101325
             0.15            101325            101325            101325            101325            101325       101324.9791       101704.1553       101265.3354            101325            101325            101325            101325            101325
             0.16            101325            101325            101325            101325            101325       101321.5834       102072.0286       101151.1089            101325            101325            101325            101325            101325
             0.17            101325            101325            101325            101325            101325        101271.716       102137.3894       101146.2036            101325            101325            101325            101325            101325
             0.18            101325            101325            101325            101325            101325       101145.8587       101922.6954       101241.7726            101325            101325            101325            101325            101325
             0.19            101325            101325            101325            101325            101325       101074.8343       101505.2226       101389.1938       101324.9999            101325            101325            101325            101325
              0.2            101325            101325            101325            101325            101325       101108.6372       101021.3903       101511.1224       101290.4198            101325            101325            101325            101325
             0.21            101325            101325            101325            101325            101325        101283.141       100624.7549       101578.4171       101198.2183            101325            101325            101325            101325
             0.22            101325            101325            101325            101325            101325       101491.4582       100551.3575       101549.1404         101191.92            101325            101325            101325            101325
             0.23            101325            101325            101325            101325            101325       101639.8283        100752.209       101436.4159       101250.8711            101325            101325            101325            101325
             0.24            101325            101325            101325            101325       101322.9046       101657.9234       101148.6273       101284.4682       101358.8461            101325            101325            101325            101325
             0.25            101325            101325            101325            101325       101248.6801       101585.8424       101662.3769       101160.0162       101451.5708       101309.4527            101325            101325            101325
             0.26            101325            101325            101325            101325       101164.5238       101393.2786       102049.7989        101089.639        101504.709       101221.3136            101325            101325            101325
             0.27            101325            101325            101325            101325       101153.4074       101188.7342       102110.2935       101110.8765       101492.5004       101214.2254            101325            101325            101325
             0.28            101325            101325            101325            101325          101193.8       101037.2738       101909.9042       101220.7407       101415.6544       101252.1747            101325            101325            101325
             0.29            101325            101325            101325            101325       101360.0639       101008.6692       101508.9319        101375.111        101306.872       101345.6458            101325            101325            101325
              0.3            101325            101325            101325            101325       101505.8592       101070.6807       101007.1026       101502.5343       101213.8495       101427.0965       101319.1083            101325            101325
             0.31            101325            101325            101325            101325       101559.2214        101260.886       100618.0486       101567.3602       101156.3757       101470.6385       101235.9807            101325            101325
             0.32            101325            101325            101325       101314.1788       101553.0264       101476.9251       100548.1947         101540.02       101165.4525       101465.5898       101228.1744            101325            101325
             0.33            101325            101325            101325       101223.7624       101466.9936       101627.3112       100750.0401        101434.413       101239.7345       101406.2077       101249.3147            101325            101325
             0.34            101325            101325            101325       101187.3093       101311.6351       101648.7808       101149.5892        101282.339       101349.2621       101316.6723       101337.2288            101325            101325
             0.35            101325            101325            101325       101187.7373       101169.3022       101577.8872       101660.6983        101153.388       101445.8996       101236.6738       101413.0838       101322.7346            101325
             0.36            101325            101325            101325       101258.8599       101106.4887       101389.7049       102044.9178       101084.1476       101497.9685       101188.0088       101450.3317       101246.9701            101325
             0.37            101325            101325            101325        101417.857       101108.7859       101184.4801       102108.8326       101113.0712       101486.6019       101191.1841        101448.256       101238.0009            101325
             0.38            101325            101325            101325       101501.2493        101178.531       101034.0072       101903.5357       101221.2734       101414.3701        101247.139       101402.6027       101247.6201            101325
             0.39            101325            101325       101324.9608       101515.1809       101347.0678       101005.4514       101506.9547       101370.0107       101305.5162       101337.8742       101323.3417       101330.9258            101325
              0.4            101325            101325       101284.9317       101503.9195       101496.0273       101068.5055       101000.5697       101504.6948       101210.3512       101422.2536       101249.5026       101403.3551       101324.1712
             0.41            101325            101325       101218.1892       101392.2776       101551.9748       101259.3068       100619.6566        101564.589       101153.0425       101465.4039       101207.0981       101436.5034       101255.7483
             0.42            101325            101325        101205.286       101255.2037       101546.4679       101474.9343        100547.974       101539.1132       101164.1938       101460.6827       101207.7026       101436.0591       101245.3692
             0.43            101325            101325        101209.484       101166.3658       101463.1603       101625.5561       100748.1471       101432.6476       101237.4383        101405.481       101249.0237       101403.4463        101249.126
             0.44            101325            101325        101328.229       101146.2567       101308.8407        101646.483       101148.8254       101279.3391       101348.3252       101315.0991       101330.2174       101328.5347       101325.6753
             0.45            101325            101325        101448.568       101151.8575       101166.6652       101575.8981       101660.5339       101153.8829       101443.6358       101233.9264       101408.9497       101258.2615       101396.1135
             0.46            101325            101325       101485.8688       101253.7108       101104.0894       101388.0818       102043.8734       101083.7464       101499.7602       101185.5537       101445.8294       101220.1693       101426.3289
             0.47            101325       101322.1575       101488.0126        101408.487       101106.5288       101181.9979       102106.9346       101112.9682       101483.7622       101189.5773       101443.9362        101219.304       101426.8581
             0.48            101325       101257.3389        101461.691        101494.436        101177.574       101033.5782        101903.913       101219.1064       101412.9766       101245.4569       101402.8185       101246.5953       101406.3879
             0.49            101325       101222.3001       101328.8609       101509.4318       101345.5863       101006.1204       101505.3614       101370.3362         101305.02       101337.6867       101321.8755       101324.4768       101332.5109
              0.5            101325       101218.6393       101221.3822       101499.2072       101494.7988       101067.3306        101001.117       101500.0305       101210.5082       101420.1177       101247.0202       101399.7662       101264.7753
             0.51            101325       101240.1221       101176.5547       101389.9181       101550.3215       101258.4842       100618.5334       101568.3775       101153.1134       101466.7722       101205.0886       101432.4864        101229.797
             0.52            101325       101385.4628       101171.1356       101252.9396       101544.8295       101474.9095       100547.0397       101533.9393        101165.684       101460.4856       101206.2374       101432.1755       101228.0622
             0.53            101325        101456.069       101184.1696       101164.3288       101461.9803       101625.0313       100747.9565       101432.3841       101235.0142       101404.4098       101248.2824       101404.5351       101243.0304
             0.54       101324.7566        101470.651       101325.0804       101144.3551       101307.0591       101645.5903       101148.1486       101282.6235       101347.0821       101315.1929       101330.0737       101327.2026       101320.2228
             0.55       101281.0971       101469.3771       101441.5584       101150.2088       101165.5368       101575.7405       101659.5755       101153.4432       101443.2452       101233.9552        101407.318        101255.949       101392.8776
             0.56       101235.9897       101408.4214       101480.5377       101252.7816       101104.3245       101387.5191       102043.5462       101084.1028       101499.3428       101184.9147       101446.8757       101218.4236       101422.6757
             0.57       101228.0019       101278.4957       101483.2379       101407.5029       101106.7857       101181.7948       102107.0435       101114.0892       101483.2068       101190.0386       101444.5487       101217.9908       101423.2879
             0.58       101231.6218       101208.7209       101458.8992       101493.1889       101176.2614       101033.3478       101903.4674       101217.3281       101412.7637       101243.8857       101399.6632       101246.5841       101407.3619
             0.59       101346.4083       101188.9168       101326.9631       101508.0817       101345.3749       101005.1627       101505.2121       101370.2311       101306.1393       101336.8886       101322.1576       101324.0785       101331.3099
              0.6       101435.0682       101188.4861        101219.459       101498.0097       101494.5955       101066.8041       101001.0881       101499.7171       101211.6802       101419.6736       101247.0516       101398.5365       101262.6119
             0.61       101456.6443       101231.1404       101174.9248       101388.6792        101549.757       101258.1982       100618.7057       101567.2356       101149.0168       101466.6432       101204.6686       101433.3495       101228.2424
             0.62       101458.0456       101381.3884       101169.5689       101251.5578        101544.299       101474.3307       100546.9605       101534.5677       101167.8304       101459.9032       101206.2819       101432.7621       101226.8676
             0.63       101436.9925       101450.7104       101182.7463        101164.133       101461.8298       101624.5998       100748.1111       101432.3922       101235.3835       101404.7947        101247.892       101398.8377       101242.9913
             0.64       101308.0729       101466.2137       101324.5488       101144.5381        101306.765       101645.6567       101148.2335       101281.9479       101348.5052       101314.8212       101329.4116       101327.8421       101319.6076
             0.65       101229.3276        101465.168       101440.5744       101150.2107       101165.5065       101575.5791       101659.2817       101153.3602       101443.5727       101233.9134       101406.7175       101255.8408       101391.9212
             0.66       101202.9923       101406.9231         101479.36       101251.8461       101103.7629       101387.2415       102042.9658        101083.784       101497.4304       101183.9376       101446.7464       101218.1207       101423.4272
             0.67       101199.6511       101276.7913        101482.073       101407.3676        101106.091       101181.7721       102106.5422       101115.3154       101481.5595       101190.2241       101444.2413       101218.0327       101423.8854
             0.68       101209.9466       101207.2467       101458.0342       101492.8602       101176.0207       101033.4227        101903.226       101216.6969       101414.7413       101243.1768       101399.8956       101247.3757       101401.2705
             0.69       101345.5871       101187.3346       101325.6729       101507.6528       101345.0061       101005.1783       101504.7834       101370.4121        101305.715        101336.681        101321.753       101323.3729       101332.2471
              0.7       101430.4346       101187.0174       101218.7197       101497.6296       101494.1515       101066.8041       101000.6907       101499.8277       101210.3929       101419.5054       101247.3531       101398.1033       101262.3981
             0.71       101452.4756        101230.564        101175.016       101388.5361       101549.6791       101258.3558       100618.3584       101567.4577       101151.5601        101466.965       101203.9967       101433.1847        101228.014
             0.72        101454.118       101380.7326       101169.6869       101251.5781         101544.28       101474.1997       100547.0351       101533.9393       101167.4298       101459.4783       101205.9357       101432.4941       101226.9111
             0.73       101434.6365       101449.7115       101182.4212       101163.8025       101461.5804       101624.2871       100747.8196       101432.8517       101235.2756       101404.8973       101247.6244        101398.891       101243.9224
             0.74       101306.8338       101465.1369       101323.9474       101143.9981       101306.6663       101645.1627       101148.3157       101281.4795       101347.8855       101314.5236       101329.3748       101327.4598       101318.8214
             0.75       101227.8613       101464.1733       101440.4543       101149.7396       101165.5476       101575.2687       101659.3921       101152.8559       101442.2503       101233.8337         101406.09       101255.9776       101391.6203
             0.76       101201.5835       101406.0488       101478.9911       101251.6572       101103.7664       101387.0135       102043.0704       101083.4499       101500.2792       101184.0217       101447.2589       101217.6348       101423.2416
             0.77       101198.2455       101275.7319       101481.6629        101406.923       101106.1197       101181.4764       102106.6959       101114.8168       101483.0044       101190.8717       101444.4827       101217.7383       101423.6343
             0.78       101208.9604       101207.0225       101457.8412       101492.6386       101176.1346       101033.1022       101903.3672       101216.3699       101412.3479       101242.6225       101400.0819       101247.7092       101401.3142
             0.79       101345.2186       101187.4986       101325.7221       101507.6186       101345.0449       101005.0652       101504.6729       101370.1809       101303.9107       101336.4781       101321.5317       101323.4546       101331.9862
              0.8       101429.4766       101187.1023       101218.6186       101497.6349       101493.9676       101066.7931       101000.7755       101499.6807       101208.1794       101419.6162       101247.4739        101397.511       101262.4177
             0.81       101451.5483       101229.6544       101174.6212       101388.3142       101549.3274       101258.2636        100618.235       101567.6662       101153.5225       101466.5821       101203.6629       101433.5655       101227.6341
             0.82       101453.2284       101380.5562       101169.2229       101251.5566       101543.9374       101474.2873       100546.6939        101534.124       101167.3513       101459.2786       101205.8506       101432.7655       101226.6422
             0.83       101433.7984       101449.4006       101182.1459       101163.8378       101461.4118       101624.3531       100747.4842        101432.847       101234.6758       101404.2198       101247.1364       101398.2536       101244.3287
             0.84       101305.7654        101464.805       101323.5148       101144.0412       101306.4308       101645.2604       101148.0734       101281.7325       101346.9023       101315.1328       101329.2874       101327.1726       101318.8371
             0.85       101227.5985       101463.8727       101440.1281        101149.763        101165.229        101575.428       101659.1414       101153.0077       101443.4093       101233.5724       101406.0488       101256.0983       101391.1825
             0.86       101201.6308       101406.0728       101478.9905       101251.7562       101103.6485       101386.9825       102042.8771       101083.3924       101497.0277       101185.2875       101447.2798       101217.5274       101423.4305
             0.87       101198.2982       101275.7925        101481.651       101406.9089       101106.0318       101181.5535       102106.5929        101114.662       101482.4436       101191.2608       101444.5299        101217.676       101424.0126
             0.88       101208.7143       101206.7361       101457.6048        101492.427       101176.0148       101033.0569       101903.4007       101216.4873       101413.4509       101242.7874       101400.3229       101247.7708        101400.166
             0.89       101344.7374       101187.1177       101325.7274       101507.3145       101345.1348       101004.8935        101504.836       101369.9124       101304.0608       101336.3428       101321.6774       101323.6921       101331.8023
              0.9       101429.2595       101186.7584       101218.6818       101497.1871       101494.0198       101066.6231       101000.8284       101499.3487       101209.0614       101420.1392       101246.9971       101397.0867       101262.8715
             0.91       101451.2521       101229.2757        101174.557       101388.2258       101549.4522       101257.9972       100618.3172       101567.5603       101154.2276       101465.4572       101203.6162       101433.5873       101227.2233
             0.92       101452.9316       101380.2368       101169.3457        101251.465       101544.2633       101473.9889       100546.9153       101533.7547       101166.0126       101459.1386       101205.6823       101432.8297       101226.5559
             0.93       101433.7688        101449.332       101181.9165       101163.4506       101461.2893       101624.2177       100747.4932        101432.548       101235.7042       101403.6639       101246.7288       101397.9847       101244.6591
             0.94       101305.8207       101464.6819       101323.7726       101144.4163       101306.3748         101645.17       101147.9688       101281.7622       101347.0639       101315.0285       101329.0629        101327.153       101318.7779
             0.95       101227.4158       101463.9105       101440.2633       101149.6477       101165.3798       101575.2358       101659.2008       101152.9603        101444.203       101233.3584       101406.6378       101256.3713       101390.6094
             0.96        101201.318       101405.9524       101478.4143       101251.4191       101103.3759       101387.1053       102042.7372       101083.5401       101496.4322       101185.5211       101446.6487       101217.4074       101423.5415
             0.97       101197.9409       101275.3734       101482.1488       101407.1399       101105.5804       101181.6259       102106.2787       101114.8836       101482.9128       101190.8391       101444.8937       101217.3719       101423.9184
             0.98       101208.2512        101207.397       101457.1144       101492.4218       101176.0389        101033.116       101903.3122       101216.5232       101412.9153       101244.4227       101400.1355       101247.7004       101399.8701
             0.99       101344.5963       101186.6408       101324.8501       101506.9732       101344.9876       101005.0905       101504.7071       101370.0817       101303.9027       101337.0329       101321.7328       101323.4551       101331.7845
                1       101428.7465       101187.4091       101218.9965       101497.5026       101493.7096       101066.6946       101000.4827       101499.5515       101208.7362       101420.3742       101246.5379       101397.2972       101263.0334
             1.01       101451.1457       101230.0149       101174.1662        101388.569       101549.3955       101257.9488       100618.2541       101567.3478       101153.8148       101464.0862       101203.8226       101433.4546       101227.2374
             1.02       101453.5251       101378.8835       101168.5749       101251.1306       101544.2043       101473.9755         100546.88       101533.8759       101166.3655       101459.6361       101205.5658       101433.1408       101226.6429
             1.03       101433.0152       101449.6475       101182.5386       101163.5982       101461.3264       101624.2674       100747.5679       101432.6513       101235.5462       101403.1178       101246.6476         101398.12       101244.5929
             1.04       101307.1794       101464.4878       101324.2469        101144.262        101306.396       101644.9149       101148.0535       101281.3681       101347.5578        101313.508       101328.8213       101327.0494       101318.7701
             1.05       101227.1057       101462.7545       101439.4635       101149.4107       101165.3832        101575.049       101659.2672        101152.768       101444.1624       101231.5329       101406.9368       101256.3717       101390.4694
             1.06       101199.9412       101405.5135       101479.0462       101251.1922       101103.6039       101387.0263       102042.8961       101083.4154       101496.6549       101185.9989       101446.4968       101217.3005       101423.5305
             1.07       101199.0897       101277.0332       101482.2721       101406.9487       101105.6484       101181.4426       102106.4543       101114.8091        101483.336       101190.7511       101445.1593       101216.8956       101423.9108
             1.08       101207.6003       101205.8176       101456.8869       101492.3524       101176.1067       101032.8933       101903.2492       101216.2454       101412.7271       101242.9242       101399.6323       101248.2365       101399.7234
             1.09       101343.3799       101187.1438       101325.1013       101506.9522       101344.8997       101005.0937       101504.6368       101369.9878        101303.321       101337.5834       101322.1376       101323.1787       101331.6542
              1.1       101430.0902       101187.4851       101218.9099       101497.3738       101493.8646       101066.7766       101000.5913       101499.5395       101208.9703        101420.659       101246.1446       101397.5037       101263.3881
             1.11       101450.6655       101229.1078       101173.5372       101388.7114       101549.3691       101257.9558       100618.2323       101567.6967       101154.0708       101465.2026       101204.5778       101433.4389       101226.9988
             1.12       101453.6114       101379.6133       101169.1602       101250.7587       101543.9471       101474.0739       100546.7324       101534.0274       101165.7757       101459.2931       101204.8231       101433.3357       101226.4742
             1.13       101432.4335       101449.2414       101181.8533       101163.7821       101461.2273       101624.5253       100747.4021       101432.4978       101235.6269       101403.6943       101246.5744       101397.9298       101245.2072
             1.14       101307.0797        101465.002       101324.2479       101144.5954       101305.9722       101644.8205       101148.0185       101281.4266       101347.6492         101314.26       101328.8664       101327.2641       101318.3511
             1.15       101227.4359       101462.8651       101439.6172       101149.2578       101165.3301       101575.4502       101658.9659       101152.9431       101443.3806       101231.3219       101407.6319       101255.6294       101390.8353
             1.16       101200.0513       101405.4841       101478.8088       101251.2965       101103.5217       101386.5917       102043.2121       101083.3839       101496.8652       101186.8651       101446.0998       101217.8571       101423.2079
             1.17       101197.6692       101277.9382       101482.5039       101407.7452       101105.7081       101181.2576       102106.3962       101114.6984       101483.1048       101191.2729       101445.2273       101216.6682       101424.1989
             1.18       101208.7499       101204.2635       101456.0073       101491.4755       101176.0746       101033.3163       101903.3218       101216.5248       101412.7249       101242.8538       101399.4109       101248.0823       101399.3152
             1.19       101344.2665       101188.0346       101326.3523       101507.1611       101345.5728        101004.905       101504.3009        101370.066       101303.5667       101336.5333       101322.2233       101323.3951       101331.5925
              1.2       101427.8499       101187.3744       101218.0176       101497.3052        101493.519       101066.1523       101000.5076       101499.5213       101209.2927        101421.936       101246.8761       101397.6519       101263.3581
             1.21       101452.4011       101229.0827       101173.6149       101388.1653       101549.1103       101258.7016       100618.1586       101566.8789       101154.2971       101463.7502       101204.8851        101432.778       101227.3452
             1.22       101454.3376       101378.1608       101170.7002       101251.5386       101544.8964       101473.7532        100547.363        101534.655       101165.7185       101457.8388        101204.425       101433.9481       101225.8526
             1.23       101431.0096       101451.3884       101181.0242        101162.439       101460.2325       101624.3176       100746.7234       101430.5516       101236.5211       101403.5121       101246.8367       101397.2568       101246.0178
             1.24       101306.8572       101463.8996       101324.9825       101145.5717         101306.17       101644.9743       101148.8371       101282.8515       101347.0693       101314.6241       101328.7145       101327.4917       101318.1065
             1.25        101229.185        101461.879       101440.5729       101149.5161       101166.1325       101574.9526       101659.5186       101151.8466       101442.9186       101231.7952       101407.8367       101255.7304       101390.6235
             1.26       101198.4856       101407.5056       101477.6985       101250.4159       101102.2704       101386.3024       102041.9837        101083.982       101497.5221       101186.1721       101445.4313       101217.8878       101423.5589
             1.27       101196.4371       101277.0957       101481.3118       101409.4965       101106.7455       101182.6123       102106.3897       101114.8505        101481.398        101191.933       101443.8647       101216.2818       101424.2697
             1.28       101210.7813       101203.5785        101458.247       101489.9088       101174.5886       101031.6521       101903.8489        101216.521       101413.8217       101242.7765       101400.6597        101248.408        101398.501
             1.29       101343.5638       101188.4989       101325.4269       101507.2248       101346.8753       101006.5926       101503.4149       101370.4931       101302.9455       101336.2263       101322.6808        101323.047       101332.0457
              1.3       101426.7224       101188.8284       101215.8504       101499.2487       101492.7161       101066.3217       101000.6804       101499.0703       101208.9545       101424.3837       101244.4529       101397.4957       101263.4399
             1.31       101453.2272       101227.2061       101176.4591       101386.8227       101548.2251       101257.2966       100617.8674       101567.3698       101154.7921       101462.1793       101207.6931       101432.4577       101226.9774
             1.32       101454.5191       101379.4006       101169.0724       101249.8363       101546.9406       101475.5425       100547.5385       101533.9254       101166.0783       101459.2348       101204.5162       101435.0396       101225.6539
             1.33       101430.7358       101451.1213       101180.9874       101165.4669       101458.5059       101622.4606       100746.3311       101432.2696       101236.3429       101403.4228       101245.8418       101396.8841       101246.7869
             1.34       101307.3969       101464.4864       101325.5848        101144.608       101306.7357       101646.6855       101149.9031       101281.1261        101347.021       101314.3219       101332.3448       101327.8064       101317.8872
             1.35       101227.0405       101460.9126       101441.4309       101147.2247       101167.2872       101573.7098       101658.9295       101153.3608       101444.6903       101232.5195       101403.8869       101256.0287       101390.6427
             1.36        101201.531       101405.5292       101477.3143       101253.6088       101102.8298       101385.4729       102042.1601       101082.7069       101495.3823       101185.5058       101450.3398         101218.21       101423.4008
             1.37       101194.6544       101279.8178       101480.2668       101408.2699        101103.662       101184.9692       102107.6047       101114.9677       101484.1028        101191.367       101444.5759       101215.0322       101424.7186
             1.38       101211.1396       101203.5179       101459.6184       101487.5981       101178.4715       101029.1566        101901.784       101216.8473       101411.0426       101242.2725        101400.931       101249.8855       101397.8289
             1.39       101345.5626       101184.9803       101325.1441       101509.1457       101346.2247         101006.98       101506.2736       101369.5937       101304.1525       101337.7095       101320.7464       101321.0126        101331.746
              1.4       101423.2577       101191.1337       101214.3828       101499.8588       101489.5244       101067.5471       100999.1945       101500.2631       101209.2174       101420.2585       101244.4677       101399.5488       101264.0049
             1.41       101454.0855       101227.2919       101177.1224        101385.021       101551.9272       101257.4832       100617.4752       101566.0856       101153.6652       101464.9062       101206.7131       101431.5822       101226.6016
             1.42        101458.495       101378.1673       101169.9677       101249.7922       101545.3354       101471.9359       100549.6317       101536.0322       101166.5074       101458.8018       101205.3706       101435.7573       101225.5526
             1.43       101426.8591       101454.9825       101180.2634       101168.6258       101456.7834       101626.6845       100743.4633       101428.9476       101234.8166       101403.7334        101243.282       101395.9444       101248.0321
             1.44        101306.134       101460.1091       101325.0094         101142.49       101308.3202       101646.8593       101150.3545       101283.8923        101348.184       101314.5539       101330.8104       101330.5588       101316.7743
             1.45       101230.5815       101462.2728       101441.1248       101145.8787       101168.4288       101570.1499       101660.5155       101152.5929       101442.4434       101232.3836         101406.66       101253.1939        101391.189
             1.46       101196.7145       101407.5744       101475.9785       101254.6083       101099.9838       101389.2864       102041.0738       101081.5723       101497.2186       101185.5838       101445.5541       101219.6172        101422.804
             1.47       101198.1563       101275.8494       101483.4145       101409.2262       101103.9672       101184.4658       102104.4528       101118.0933       101483.6572       101191.2021       101443.1225       101213.8905       101424.6299
             1.48       101211.2152       101207.3186       101458.4243       101487.1557       101180.7526       101027.3579       101905.9944       101212.3839       101410.2527       101243.3136       101400.8705       101250.2188       101398.1037
             1.49       101340.8354       101185.1528       101322.3454       101508.1385       101343.7542       101007.9668       101504.5072       101371.2665       101306.5399       101335.7544       101321.9352       101320.8077       101331.6685
              1.5       101428.6759       101185.0596       101216.7138       101500.1774       101490.5601         101069.32       100995.9209       101501.0593       101207.2979       101422.5914       101244.5029       101399.0999       101263.7596
             1.51       101451.1693       101231.7935       101178.2156       101384.6956       101551.6502       101254.3682       100623.3429       101566.4521       101153.9856       101463.6174       101205.7011       101431.3036        101227.441
             1.52       101457.2901       101382.0537       101168.9154       101249.8738       101545.7479       101471.8476       100549.3739       101532.1495       101169.0788       101457.9652       101208.2083       101435.4859       101225.1069
             1.53       101433.2114       101448.7601       101180.2686       101169.2409       101458.2726        101630.171       100740.1569       101433.0766       101232.3276       101403.2911       101244.5387       101396.2951       101247.0761
             1.54       101301.6427       101458.6802       101324.3233       101141.3676        101306.477       101642.5141       101152.7429       101283.9665       101346.2393       101316.2372       101330.3415       101330.3523       101318.3637
             1.55       101226.0701       101467.2489        101441.006       101144.8567       101168.4324       101571.1829       101663.2313        101148.133       101448.0582       101230.1269       101407.9318       101253.1191       101389.9661
             1.56       101204.5179       101407.5853       101477.5183       101256.1697       101099.5394       101389.8765        102037.085       101086.1386       101494.4795       101186.2416       101444.0473       101219.2712        101423.016
             1.57       101199.2056       101272.9054       101482.8058       101410.4827       101106.0157       101185.0136       102102.6717       101117.9877       101480.2518       101193.4551       101441.7724       101216.6228       101425.6151
             1.58       101203.1549       101207.2756       101457.5476       101486.1569       101180.6168       101027.8746       101910.1449       101210.2189       101414.4941       101238.2177       101401.9137       101247.0796       101396.0563
             1.59       101342.4372       101187.4933       101321.7335       101506.0859       101341.3967       101005.7411       101501.6559       101371.0397       101307.0282       101338.4762       101322.7545       101322.9748       101334.4422
              1.6       101433.5584       101184.6545       101217.6225       101500.9111       101490.0643       101070.5236       100996.0387       101505.5885       101202.6069       101423.9182       101242.2365       101399.6732       101260.6364
             1.61       101450.0112       101230.0202        101179.356       101386.7464       101552.5821       101254.1252       100622.9616       101561.6052       101156.6712        101462.309       101206.3994       101429.6085       101229.2293
             1.62       101453.1625       101382.4492        101166.724        101249.825       101547.3513        101471.972       100548.9769        101531.687       101172.0038       101455.6885       101208.0507       101434.6217       101223.9683
             1.63       101434.9376       101450.8127       101181.3907       101167.7058       101458.5492       101630.8908       100742.6452       101438.2996       101226.5448       101406.7545       101244.2133        101397.592        101247.533
             1.64       101306.2258       101457.9335       101324.7571       101140.8722       101303.9383       101641.0289       101150.6089       101281.0959       101349.5151       101317.1881       101328.7797       101329.1982        101318.629
             1.65       101223.3304       101465.8149       101439.1683       101146.8481         101167.86       101570.9671       101662.8442       101147.3809       101450.0017       101225.6321        101411.943       101252.6774        101390.869
             1.66       101200.9423       101406.9631       101478.5228       101255.7922        101101.749       101390.6509       102037.8371        101085.785       101492.5115       101188.5035       101442.5449       101217.2956       101420.7323
             1.67       101202.4816       101275.8502       101484.0651       101409.3362       101107.0871       101184.8646       102103.7057       101119.3835       101476.8242        101196.182        101440.939       101218.0999       101427.9115
             1.68       101205.2106       101207.4615       101457.9624       101487.2373       101179.6134       101029.0485       101910.1701       101210.4613       101420.5347       101234.1348       101402.9851       101246.5201       101395.3116
             1.69       101339.3715       101183.7182       101320.1731       101505.1169        101340.067       101002.7778       101500.5635       101370.1536       101303.0903       101337.2695       101323.5545       101323.6118       101334.7164
              1.7       101431.8875       101184.2198       101217.5348       101499.7236       101490.0549       101070.5003       100996.3085       101504.3566        101202.477       101427.9759        101237.988       101399.3074       101261.6334
             1.71       101452.0241       101232.9429       101180.2168        101389.002       101554.6453       101255.4053       100623.4493       101562.4568       101157.8169       101460.6139       101208.5571       101431.8657       101226.1373
             1.72       101455.4261       101383.5638       101166.8655       101250.6841       101547.2705        101474.367        100549.691       101531.5542        101171.013        101452.779       101212.9811       101431.2821       101226.8191
             1.73       101432.4742       101447.5607       101181.4613       101165.5479       101457.1233       101628.6349       100742.8725       101440.2781       101229.5154       101412.5123       101234.1148       101400.6282       101246.6542
             1.74       101304.8419       101457.9996       101323.2177       101140.3226       101302.8155       101639.9708       101148.2806       101279.9001       101345.9137       101313.7799       101333.2008       101331.6155       101319.6063
             1.75       101224.8091       101467.7304       101439.2278       101148.3528       101168.0039       101571.6496       101662.6983        101146.419       101450.3271       101226.6796       101413.3784       101246.4972       101391.6817
             1.76       101201.7761       101406.9209       101481.1077       101257.0161       101103.2228       101392.5574       102038.5173       101086.5337       101492.0642       101188.6629       101440.9933       101221.3614       101422.4998
             1.77        101201.754       101275.2425       101483.2067       101407.9879       101106.8946       101184.9263       102106.0294        101120.199       101479.1202       101196.6546       101436.6533       101221.8428       101423.5574
             1.78       101203.9739       101207.6713       101455.1086       101487.3852       101178.8376       101027.5994       101909.4904       101211.2738       101421.7616       101236.1408       101410.3383       101240.3895       101399.2766
             1.79       101340.3271       101183.2152       101321.2834       101505.1665       101340.0893       101001.9904       101497.9338       101368.2918       101300.9229        101335.483       101322.3017       101320.8144       101334.6086
              1.8       101432.6953       101183.7864       101220.4779        101498.438       101490.0361       101069.8358       100996.9896        101503.406       101201.1162       101426.6872       101237.3329        101406.257       101258.5585
             1.81       101451.4636       101235.5429       101177.3729       101389.7559       101555.9881       101258.6818       100625.0373        101564.185       101158.7243       101461.2831       101209.5163        101427.797       101228.1411
             1.82       101454.2661       101382.2198       101167.5082       101251.5979       101546.5133        101474.372       100550.5345       101532.5339       101172.5883       101454.0011       101211.5829       101425.4809       101232.6412
             1.83       101434.3025       101443.6372       101182.9176       101164.4729       101456.0804        101626.797       100741.8841       101439.9578       101230.0505       101413.1536       101237.8715       101409.7823       101240.8993
             1.84       101305.1986       101461.7399       101320.5448       101140.5564       101303.2612         101638.71       101147.0116       101277.0746       101344.5171       101311.4256       101330.9577       101329.2581        101318.999
             1.85       101223.1852       101469.0414       101439.2436       101148.7454       101168.2821       101573.1905       101662.0922       101146.6903       101448.3023       101225.1969       101413.1207       101246.7616       101396.6652
             1.86       101203.4835       101404.6253        101483.849        101255.816       101103.9035       101392.6246       102042.0572       101088.6215       101494.1093       101190.9023       101441.6398       101220.9614       101419.9769
             1.87        101201.993       101275.7177       101481.8985       101407.4658       101107.1317       101184.4977       102106.2867       101120.8064       101481.0309       101197.2868       101437.3995       101222.7214       101416.4495
             1.88       101202.3621       101208.7874       101452.7795        101489.937       101177.3816       101027.1876        101908.538        101210.159       101420.1326        101237.297       101410.8636       101241.3134       101409.0131
             1.89       101340.4556       101182.2625       101323.6202       101504.4643       101339.5161       101003.3826       101496.3571        101367.217       101298.5879       101333.4288       101319.9109       101321.0404       101332.0804
              1.9        101433.068       101182.9404       101221.3668       101497.1589       101491.4653       101069.2297       100996.4765       101503.1159       101202.5604       101426.0747        101237.583        101405.573       101256.3062
             1.91       101451.1937       101238.0901        101174.595       101390.7024       101555.6075       101258.5916       100627.1139       101567.4513       101159.5789       101462.9108       101210.1098       101427.1927       101229.4485
             1.92       101453.9339       101381.1932        101168.775       101251.8044       101545.6098       101474.3836       100551.0233       101532.9694       101172.4349       101454.4722       101212.3411       101425.8181       101232.3658
             1.93       101435.6609       101441.8828       101183.7007       101163.7335       101456.9353       101627.3384       100740.5096       101436.4033       101229.4784       101413.5339       101240.4727       101415.0854       101241.1635
             1.94       101304.0464        101463.059       101319.4476       101141.2879       101303.8346        101638.209       101147.0011        101276.773       101344.5655       101309.1849        101326.439       101324.4461       101317.6989
             1.95       101222.1537       101469.3927       101439.8655       101149.0045       101167.0983       101572.8301       101662.0624        101148.175       101447.9365       101225.3256       101413.3337       101247.6328       101397.1012
             1.96       101205.5453       101404.4929       101484.4642        101254.218       101104.6087       101393.6154       102044.2137       101089.1591       101494.8545       101191.2348       101442.8074       101221.4049       101419.9769
             1.97       101202.2624        101275.712       101480.6839       101408.2504        101107.568       101183.9079       102105.4399       101120.0442       101481.3754       101198.4316        101438.663       101223.5658       101416.6226
             1.98       101201.4529       101208.5481       101452.2239       101490.4805       101176.7905       101025.9867        101907.444       101209.1824       101420.2718        101237.296       101411.0611       101241.5742       101410.4382
             1.99       101339.7038       101181.6471       101325.5881       101503.7448       101339.7472       101004.3692       101497.6246       101367.5206       101297.5371        101333.034       101318.1236       101319.7845       101330.7344
                2       101433.0057       101182.9915       101220.9018       101497.3406       101491.8949       101069.7976       100996.4959       101502.8499       101202.3617       101422.7948        101236.922       101404.1344       101255.0691
# Probe 0 (-126 0 0)
# Probe 1 (-105 0 0)
# Probe 2 (-84 0 0)
# Probe 3 (-63 0 0)
# Probe 4 (-42 0 0)
# Probe 5 (-21 0 0)
# Probe 6 (0 0 0)
# Probe 7 (21 0 0)
# Probe 8 (42 0 0)
# Probe 9 (63 0 0)
# Probe 10 (84 0 0)
# Probe 11 (105 0 0)
# Probe 12 (126 0 0)
#           Probe                 0                 1                 2                 3                 4                 5                 6                 7                 8                 9                10                11                12
#            Time
             2.01       101451.9406       101239.2358       101173.7824       101391.7091       101555.1043        101256.933       100625.0317       101568.5025       101160.6272       101465.1122       101210.6896       101428.1081       101229.6416
             2.02       101454.2554       101379.8956       101169.4014       101252.1332       101545.2617       101473.3611       100550.5736       101533.4337       101173.1981       101458.3696       101214.7077        101427.972        101233.288
             2.03       101436.1936       101440.4351       101182.8935       101163.6623       101458.4963       101627.4643       100740.4946       101436.7514       101228.3089       101411.1315       101239.8512       101416.4849        101244.013
             2.04       101303.3675       101463.4379        101318.248       101142.6081       101304.2356       101637.8381       101146.0203       101276.7594       101342.0799       101307.3398       101321.8991       101320.7634       101313.9021
             2.05       101221.7246       101470.0623       101440.7042       101148.1856       101166.7215       101573.1458       101662.3654       101148.0965       101447.8716        101227.648       101412.0051       101247.9838       101396.5586
             2.06       101206.8009       101405.6225        101484.626       101252.7743       101105.6547       101395.7902       102044.5186       101089.5942       101496.7426       101191.7932       101447.0267       101224.3089       101419.7378
             2.07       101203.0073       101275.9034       101479.0954       101408.1041       101107.4618       101184.1412       102105.0657       101120.6432       101481.3639       101198.9192       101440.9627       101225.3635       101417.8129
             2.08       101201.0484       101208.3069       101452.5066       101490.7119       101175.8208       101025.2401       101907.0643       101208.3269       101419.2365       101235.3396       101406.4307       101238.6827       101413.3753
             2.09        101337.618       101181.1353       101327.7436       101503.4212       101338.3863       101003.7579       101497.7026       101367.5341       101298.3306       101332.3789       101317.6918       101316.3066       101326.9883
              2.1       101432.3159       101183.2036       101221.0328       101497.3788       101491.5974       101070.5673       100996.7981       101502.9204       101202.5633       101424.0727        101239.112       101404.7657        101253.568
             2.11       101453.1564       101240.3973       101173.3528        101391.574       101555.8182       101257.2871       100626.6008       101567.9404       101161.2133       101465.0318       101211.5762       101430.2563       101233.6788
             2.12       101455.1528       101379.3595       101169.5696       101251.6824       101544.7609       101474.3046        100550.716       101532.8748       101172.7327       101457.4967        101213.898       101429.1065       101235.7547
             2.13       101435.9746       101439.2552       101182.4872       101164.4692       101458.9613       101628.5363       100741.2047        101436.759       101229.0086       101410.6357       101238.1653       101411.6823       101237.9934
             2.14       101302.0109       101463.6429       101318.4348       101142.8672       101304.2512          101636.7       101146.8742       101276.1188       101342.9876       101308.3291       101322.7385       101320.3485       101312.3372
             2.15        101221.377       101470.7898       101442.0506       101147.0835       101165.2601        101572.524       101661.5913       101147.4907        101448.277       101227.2325       101413.1597       101248.8295       101399.1801
             2.16       101207.6565       101405.7691       101484.2466        101252.702       101104.8716       101395.7332       102044.3012       101089.6879       101496.3343       101191.3548       101445.0787       101224.8525       101419.8236
             2.17       101203.5034        101275.671       101477.2134       101408.4244       101109.3371       101183.3111       102105.8151       101121.0762       101481.8758         101199.59       101442.2666       101226.0005       101420.3397
             2.18       101201.0747       101207.9437        101453.331       101491.0804       101176.8344       101024.6193       101906.6628       101208.8917       101418.8641       101234.7125       101406.1259       101236.6528       101414.5081
             2.19       101336.5539       101180.8457        101329.043       101505.1244       101336.2057       101004.4987       101497.8518       101367.6049       101297.3472       101333.5009       101317.0761       101317.3414       101324.0771
              2.2       101431.7002       101184.2677       101220.1834       101495.6286       101493.2302       101071.9526       100996.7756       101502.3981       101201.9297       101423.6489       101237.5696       101405.1028       101252.5244
             2.21       101454.2016       101240.8788       101173.2368       101389.5187       101557.6019       101256.0185       100626.2602       101568.4369       101161.8661       101465.2631       101212.2753       101430.4075        101236.118
             2.22       101455.8817       101378.2644       101169.1552       101253.6638       101543.3065        101473.468       100550.1977       101533.2747       101173.2722       101458.4637       101213.9898        101429.734       101237.0783
             2.23       101435.1475       101438.6614       101181.3083       101166.1511       101457.3967       101629.6076       100741.8291       101436.2194       101228.9124       101410.2517       101237.9755       101409.1881        101237.126
             2.24       101301.4756       101464.3355       101320.0551       101140.2698       101305.7653       101637.7072       101147.6653       101276.2253       101342.0967       101307.2644        101323.363       101320.8957       101312.5684
             2.25       101221.6432        101471.189       101444.3549       101146.6131       101164.6381       101571.1691       101661.0819       101147.8561       101447.6348       101226.7342       101413.9204       101248.3944       101398.4432
             2.26       101207.9456       101405.6515       101481.0685       101254.9356        101103.207       101395.1744         102043.85       101089.0681       101497.8791       101191.2825       101445.2212       101224.7723       101420.8699
             2.27       101204.0303       101275.8284       101476.1424       101406.9499       101111.3225       101184.6887       102106.4078       101120.7868       101482.2966       101200.0553       101441.8729       101226.5862       101420.4696
             2.28       101201.1219       101206.9215       101455.8762       101491.5189       101177.9286       101024.3146       101906.8624       101209.6565       101418.1886       101234.7966       101404.8952       101236.2221       101414.1411
             2.29       101335.3442       101179.9122       101328.8607        101508.461       101333.5321       101002.8449       101497.4213       101367.6415       101297.3108       101333.8221       101317.0452       101317.2564       101324.5394
              2.3       101431.9739        101186.587       101219.6745       101492.4178       101492.6334        101072.615        100996.202        101500.633       101202.2733       101423.8518       101238.7401       101404.7204       101252.9744
             2.31        101455.217       101241.5112       101174.5047       101386.7629       101560.4134       101258.0937       100628.3452       101568.8253       101161.1077       101465.2808       101212.9606       101430.3269       101235.8685
             2.32       101455.8974       101376.0303        101166.398       101256.9967       101543.7471       101472.8376       100549.7309       101534.4711       101173.4356       101457.9204       101213.4884       101431.3177       101237.3102
             2.33        101434.683       101438.8938       101180.3938       101168.0105       101454.9575       101627.4023       100740.4759       101437.3118       101229.0175       101409.8808       101237.3658       101408.9134       101236.1502
             2.34       101300.8537       101465.5121       101324.8976       101136.4958       101305.7716       101638.4883       101147.9702        101274.945       101342.6093       101306.9271       101322.3405       101319.8908       101312.3645
             2.35       101221.3818       101469.8322       101444.7737       101146.0643       101165.7842       101572.7639        101662.047        101147.724       101448.2617       101228.1137       101413.1189       101248.7032       101399.5919
             2.36       101208.9896        101406.811       101476.5224       101258.3353       101102.3805        101394.523        102042.048       101088.8304       101496.6032       101192.7237       101447.4237       101223.5931        101421.026
             2.37       101204.2972       101277.2685       101478.0551       101404.5925       101111.3081        101184.035       102105.6274       101120.7711       101481.3593       101198.4766       101441.8523        101226.605       101419.8293
             2.38       101199.8618       101203.8383       101457.8858        101490.808       101180.3977       101025.1895       101908.6074       101210.5939       101419.4521       101234.4749       101404.6541       101238.3344       101413.6179
             2.39       101335.7394       101179.3941       101325.2047       101512.3879       101332.5185       101002.8946        101498.692       101367.8722       101296.9271       101332.6173        101316.812       101317.5644       101323.8127
              2.4       101433.0454       101189.8795       101220.6243       101490.4612       101489.1123       101071.1615       100995.1191       101501.5243       101202.7198       101426.0861       101239.0173       101405.1409       101253.1494
             2.41       101453.8283       101240.0096       101176.7016        101383.569       101562.4214       101258.7269       100627.2713       101567.9284       101161.9016       101465.1367        101211.613       101429.2248       101236.8424
             2.42       101456.4491       101375.8384       101162.7253       101259.2818       101547.1357        101473.822       100549.0665        101532.514       101173.7285       101458.3055       101214.4338       101429.8039       101238.0343
             2.43       101435.7619       101441.3407       101180.9718       101171.4021       101454.0852       101625.3492       100741.2233       101437.4343        101227.885       101409.1053       101239.2137       101409.0646       101235.7854
             2.44       101299.4944       101463.7417        101328.664       101134.3706       101302.0676        101637.583       101149.4996       101276.6793       101340.7665       101305.8262       101322.5718       101320.8823       101311.5985
             2.45       101221.3599       101468.3841       101443.0825       101143.1917        101166.884       101576.3044       101663.0899       101147.9533       101449.1593       101228.5744       101412.7036       101249.0246       101400.3276
             2.46         101209.74       101409.5634       101473.1011       101260.1732        101105.592       101395.4989       102040.6057       101088.0236       101498.5714       101192.8289       101446.5005       101223.3357       101420.3089
             2.47       101202.3557       101276.0607        101479.943       101406.7175       101109.4736       101179.9981       102104.3216       101120.5205       101482.1824       101198.6333       101441.8543       101227.0502       101421.5671
             2.48        101200.391       101199.9215       101461.0483       101487.3229       101177.5528       101023.0654       101907.6481       101211.9064       101418.6072       101234.9437        101405.265       101237.0522       101414.1706
             2.49        101339.283       101182.8571       101322.5485       101513.8679       101334.5407       101005.9904       101499.5839       101367.0984       101294.5948        101332.798        101316.879       101317.4476       101323.0817
              2.5       101430.7258       101192.4609       101219.7253       101493.2917       101491.4724        101074.311       100996.7642       101499.9472       101202.3225       101425.2772        101238.993        101405.765       101251.7967
             2.51       101452.6646       101236.1279       101180.6862       101381.0572       101560.3072        101258.299       100627.2334       101568.6877       101163.0917       101464.8463       101211.5512       101429.5659        101236.061
             2.52       101459.9363       101375.8231       101160.3222       101256.9348       101546.8573       101471.2422       100547.8685       101534.9659       101174.8504       101459.4901       101213.2188       101430.0378       101238.5564
             2.53       101433.3845       101444.4661       101178.1352       101173.7875       101454.7432       101623.6665       100740.7277       101438.4354       101227.5107       101408.1983       101238.2205        101409.651       101236.9522
             2.54        101297.736       101460.2848       101332.1298       101135.9044       101300.9781       101638.3541       101150.0383       101275.3061       101340.0695       101305.5862       101324.0224       101321.7069       101311.6219
             2.55       101224.1902       101468.8832       101444.2457       101140.4152       101165.8418        101577.848        101663.031         101145.25       101448.9385       101229.7245       101413.6331       101247.2032       101398.7645
             2.56        101208.856       101414.0454       101469.9326       101259.6095       101108.1309       101395.8143       102039.3041       101087.7236       101498.9276       101193.3968       101446.1889       101223.2495        101420.861
             2.57        101201.026       101272.6798       101480.7506       101410.3757       101112.0409       101179.7704       102105.0787       101122.8729       101482.1215       101197.0568       101440.2911       101227.8531       101421.8115
             2.58       101203.1949       101196.3238       101463.5687       101487.6097       101176.2476       101023.2173       101909.1679       101212.8695       101418.1374       101234.1138       101405.1996       101237.3563       101413.7217
             2.59       101337.8731       101188.4398       101320.9305       101509.1179       101330.5901        101004.962       101500.9069        101366.525        101295.277        101332.034       101317.7103       101316.7372       101323.7215
              2.6       101427.7559       101192.5812       101215.6916       101493.7231       101490.7039       101073.5263       100994.6943       101498.8713       101201.9529        101426.826        101240.578       101405.1644       101252.2739
             2.61       101457.4542        101231.104       101184.2308       101383.9719       101563.7458       101258.2712       100625.3162       101568.1791       101163.5735       101465.7036       101211.3549       101429.6184       101236.5285
             2.62       101461.1266       101377.1857       101163.3747       101257.5893       101548.3987       101472.5316       100548.1207       101535.5642       101175.8428       101458.3315       101212.5253       101430.0057       101238.5244
             2.63       101427.2828       101450.5518       101173.5714       101172.2081       101453.0048       101624.0209       100742.6522       101438.7822       101227.0061       101407.5743       101237.2431       101410.4451        101236.586
             2.64       101299.2409       101455.8268       101330.4931       101135.9774       101299.6537       101638.1303       101150.8162       101275.5626       101337.5732       101305.4462       101325.3841       101323.0702       101311.4463
             2.65       101228.5192        101464.017        101447.489       101141.3577       101166.3833       101577.7892       101662.5568       101144.6377       101449.3917       101230.9619        101414.081       101245.2182       101398.0547
             2.66       101202.9099       101420.2515       101470.3084       101257.2698       101108.3885       101395.6271        102037.543       101088.3273       101500.0782       101193.8055         101444.81       101221.9293       101421.5961
             2.67       101201.1877       101272.9186       101476.8399       101410.4045       101111.0008       101178.8317       102104.6979       101123.1573       101482.6988       101196.5437       101439.4241       101229.4496       101422.0098
             2.68       101209.5328       101191.5599        101464.958       101489.4175       101176.4731       101023.3638       101909.5866       101212.6647       101417.6093       101232.6839       101406.1091       101239.2239       101413.0468
             2.69        101334.653         101190.74       101325.5512       101510.9948       101332.2694       101004.9034       101501.7623        101366.175       101294.4073       101333.0843       101318.8443       101316.5113       101323.2259
              2.7       101423.3989       101196.4063       101214.4439       101493.1102       101491.5457        101075.891       100994.8712       101498.5994       101201.8999       101428.3014       101239.5771       101403.5848       101252.3771
             2.71       101463.2771       101226.9798       101179.9871       101381.5798       101562.5598       101257.7671       100625.3287       101568.3923       101164.0063       101466.0304       101210.7146       101429.2301       101237.4435
             2.72       101460.6836       101372.9904       101163.5762       101256.1546        101547.325       101470.8755       100547.6286       101536.2837       101176.0472       101456.8416       101212.5434       101430.1682       101238.6362
             2.73       101421.6151       101454.1079       101177.0072       101173.9081       101451.9374       101623.1503       100743.6395       101439.3105       101227.2351       101406.0781       101237.9964       101411.0075       101236.3996
             2.74        101302.629       101459.6078       101330.8486       101137.4455       101300.9329       101638.5509       101149.5749        101274.352        101337.369        101305.221       101326.0093       101322.7349       101310.2763
             2.75       101233.4684       101460.8512       101445.8796        101140.655       101167.3132       101578.3311       101662.3019       101144.2033       101449.3122       101232.9912       101414.3872       101245.1945       101398.0923
             2.76         101199.21       101418.1893       101470.5362       101256.7465       101108.5439       101396.0231       102037.9511       101087.9613       101500.8976       101194.1371       101443.7862        101221.599       101423.5777
             2.77        101196.935       101276.7311       101479.2762         101411.49       101110.8749        101179.739       102105.5283       101123.9856       101483.0626       101195.8618       101438.8941       101229.4037          101422.5
             2.78       101214.3621       101191.7483       101462.4552       101489.4368       101175.8462       101022.3729       101909.8539       101213.3914       101416.8246       101232.0054       101406.6572       101239.6847       101412.1134
             2.79       101335.5702         101186.53       101322.8311       101508.8856        101331.879       101005.0395       101501.4627       101365.7757       101293.3143       101333.0802       101320.6023       101316.7411       101322.1848
              2.8       101418.6379       101196.4959       101215.9422       101492.4168       101491.2002       101075.0552       100994.5721       101498.2446       101202.9771       101428.8937        101239.258       101402.3956       101252.8001
             2.81       101464.9782       101231.6462       101182.5155       101383.5969       101562.7033       101257.9742       100623.8972       101568.4141       101163.9638       101465.9645       101208.4824       101429.6834       101237.3267
             2.82       101465.5098        101374.454       101163.9425        101257.418       101547.9174       101471.2486       100547.9887       101536.6271       101176.3515       101456.9895       101211.9518       101431.1454       101238.9895
             2.83       101419.0742       101450.3419       101175.5323       101173.4504        101452.972        101624.003        100744.008       101439.1496       101226.6713       101406.3125       101239.1403        101411.331       101236.7814
             2.84       101298.2349       101457.8191        101329.321       101136.5036       101300.3311        101638.455       101150.2576        101274.745       101336.7046       101306.3552       101327.1058       101322.4046       101310.0132
             2.85       101235.2422       101462.7849       101446.0136       101140.0758       101166.7654        101578.467       101662.5431       101144.3788       101449.4003       101231.7272       101413.8637       101244.0405       101396.8371
             2.86       101202.5169       101418.7382         101471.89       101256.6659       101108.1093       101394.8279       102037.5544       101088.1772       101501.6911       101194.0721       101443.6003       101221.7148       101424.0229
             2.87       101194.8503       101275.2678       101478.9559       101412.1223       101110.8129       101179.9016       102104.5039       101123.3065       101483.3541       101195.7039       101438.5497       101230.3523       101423.1753
             2.88       101213.2791       101192.1032       101462.5288       101489.8331       101176.6416       101022.1947       101909.8117       101213.3167       101415.9444       101231.7725       101406.3395       101240.5003       101411.4426
             2.89       101337.6836       101187.8899       101323.6527       101508.9384       101332.3024        101005.998       101502.5259       101365.5222       101293.9953       101333.0189        101320.888       101314.9633       101321.8729
              2.9       101419.0298       101196.3443       101215.7137       101492.5899       101490.8754       101074.7009       100994.8767       101498.1927       101203.2394       101430.1585       101240.0855       101402.3376       101254.3575
             2.91       101462.4965        101229.535       101181.4072        101382.799       101562.6949        101257.982       100623.8625       101567.9709       101163.4427       101466.0138       101208.7188       101430.2896       101237.0816
             2.92       101464.2772       101373.7103       101163.7908       101256.6991       101548.0288       101470.6443       100548.4291       101537.1422       101176.2415       101455.7373       101211.4792       101431.1339        101238.529
             2.93       101421.4824       101451.8251       101175.9143       101173.9786       101452.2371       101624.3919       100743.8475       101440.2944       101226.6751       101406.1322       101239.4487       101410.8218       101236.7866
             2.94       101300.0264       101459.3032       101330.1503       101137.0379       101300.4021       101638.1073       101149.6593       101274.1216       101337.8994       101307.0862        101326.707       101322.3472       101310.1907
             2.95       101233.9299       101462.6062         101446.25        101140.491       101167.3397       101578.2141       101661.7736       101143.8399       101448.2417       101231.8141       101413.1941        101244.668        101396.413
             2.96       101201.0992       101417.6201       101471.3999       101256.5797       101108.3616       101395.3677       102038.1613       101087.8771       101501.6525       101194.0499       101443.9338       101221.0933       101424.8265
             2.97       101195.1273       101274.8141       101478.1901       101411.4449       101110.3494       101180.2617       102105.0999       101123.6606       101482.9777       101195.6832       101439.1551       101230.9907        101423.674
             2.98       101213.5876       101192.5786       101462.1694       101489.7821       101176.3071       101022.2933       101909.5924       101213.7819       101416.0555       101232.3897       101406.1771       101240.5273       101410.5625
             2.99       101337.2555       101188.1977       101324.1608       101509.0763       101331.9257       101005.8647       101502.3704        101365.703       101294.2289       101332.3209       101320.3933       101314.9894       101321.3296
                3       101419.4757       101196.2376        101216.351        101493.039       101490.9909       101074.8107       100994.7409       101498.8945       101202.8211       101430.8473       101239.9205       101401.7028       101254.7754
