# Probe 0 (-126 0 0)
# Probe 1 (-105 0 0)
# Probe 2 (-84 0 0)
# Probe 3 (-63 0 0)
# Probe 4 (-42 0 0)
# Probe 5 (-21 0 0)
# Probe 6 (0 0 0)
# Probe 7 (21 0 0)
# Probe 8 (42 0 0)
# Probe 9 (63 0 0)
# Probe 10 (84 0 0)
# Probe 11 (105 0 0)
# Probe 12 (126 0 0)
#           Probe                 0                 1                 2                 3                 4                 5                 6                 7                 8                 9                10                11                12
#            Time
           0.0125            101325            101325            101325            101325            101325            101325            101325            101325            101325            101325            101325            101325            101325
            0.025            101325            101325            101325            101325            101325            101325            101325            101325            101325            101325            101325            101325            101325
           0.0375            101325            101325            101325            101325            101325            101325            101325            101325            101325            101325            101325            101325            101325
             0.05            101325            101325            101325            101325            101325            101325            101325            101325            101325            101325            101325            101325            101325
           0.0625            101325            101325            101325            101325            101325            101325            101325            101325            101325            101325            101325            101325            101325
            0.075            101325            101325            101325            101325            101325            101325            101325            101325            101325            101325            101325            101325            101325
           0.0875            101325            101325            101325            101325            101325            101325            101325            101325            101325            101325            101325            101325            101325
              0.1            101325            101325            101325            101325            101325            101325            101325            101325            101325            101325            101325            101325            101325
           0.1125            101325            101325            101325            101325            101325            101325       100886.5962            101325            101325            101325            101325            101325            101325
            0.125            101325            101325            101325            101325            101325            101325       100707.5214            101325            101325            101325            101325            101325            101325
           0.1375            101325            101325            101325            101325            101325            101325       101093.0044       101324.8821            101325            101325            101325            101325            101325
             0.15            101325            101325            101325            101325            101325       101324.9851       101706.0791       101266.2176            101325            101325            101325            101325            101325
           0.1625            101325            101325            101325            101325            101325       101317.5279       102105.2239       101135.0094            101325            101325            101325            101325            101325
            0.175            101325            101325            101325            101325            101325       101214.7301       102060.7666       101177.1362            101325            101325            101325            101325            101325
           0.1875            101325            101325            101325            101325            101325       101076.6314       101604.7822       101351.7628            101325            101325            101325            101325            101325
              0.2            101325            101325            101325            101325            101325       101106.1888       101019.1288       101511.8575       101294.3197            101325            101325            101325            101325
           0.2125            101325            101325            101325            101325            101325       101337.3636       100591.0353       101580.6884       101187.4907            101325            101325            101325            101325
            0.225            101325            101325            101325            101325            101325        101580.784       100616.0225       101499.8342       101202.7881            101325            101325            101325            101325
           0.2375            101325            101325            101325            101325       101324.9285       101664.9605       101036.9732       101323.3639       101333.0986            101325            101325            101325            101325
             0.25            101325            101325            101325            101325       101250.1913       101587.8032       101664.6699        101159.343        101452.575       101315.8125            101325            101325            101325
           0.2625            101325            101325            101325            101325       101153.9995       101340.2403       102081.2305       101084.5933       101506.2171       101212.5991            101325            101325            101325
            0.275            101325            101325            101325            101325       101156.4278       101099.5829       102046.8488       101162.4518       101463.0394       101216.7782            101325            101325            101325
           0.2875            101325            101325            101325            101325        101316.922       101003.4052       101617.7701       101337.2311       101333.7567       101325.5514            101325            101325            101325
              0.3            101325            101325            101325            101325       101509.3862       101068.6545         101005.22       101503.1612       101212.9774       101428.6358       101322.5615            101325            101325
           0.3125            101325            101325            101325       101324.9993       101562.6662        101316.746       100587.0013        101569.259       101153.0771       101472.5858       101227.8586            101325            101325
            0.325            101325            101325            101325       101273.6318       101533.4742       101567.1826       100611.5125       101500.3117       101193.7463       101450.3465        101228.715            101325            101325
           0.3375            101325            101325            101325       101187.9795       101349.8626       101655.3685        101039.682        101317.466       101321.3308       101338.3147       101320.4093            101325            101325
             0.35            101325            101325            101325       101184.8769       101166.0845       101579.7175       101662.8495       101152.2795       101447.0722         101235.66       101415.4595       101324.2918            101325
           0.3625            101325            101325            101325       101298.9088       101101.4709       101337.0647       102073.0349       101081.6163       101499.8254       101184.8294       101452.6011       101238.7104            101325
            0.375            101325            101325            101325       101475.2842       101120.2357       101095.8273       102043.7138       101159.3135       101461.9701       101204.5244       101443.6504       101237.6922            101325
           0.3875            101325            101325            101325       101517.7953       101304.7011       101000.1629       101613.6844       101331.6175       101332.2751       101315.1429       101341.1219       101314.2302            101325
              0.4            101325            101325       101289.7194       101507.6997       101499.6214       101066.4803       100998.3296       101505.9793       101209.3792        101423.905       101247.9127       101406.4936       101324.8146
           0.4125            101325            101325       101208.9272       101356.7887       101555.7583       101314.3741       100590.3972       101569.2644        101149.846        101467.381       101203.8059        101438.989       101247.0685
            0.425            101325            101325        101202.996       101197.0561       101527.9015       101566.1892       100609.0896       101490.2738       101193.4634       101449.1402       101211.0523       101435.0258        101244.575
           0.4375            101325            101325       101279.2541       101144.5974       101347.1359       101652.9311        101039.112       101319.3904       101319.7075       101337.0537       101311.0506        101343.465       101306.2319
             0.45            101325            101325       101453.7428       101148.6937       101163.4507       101577.8177       101662.7454       101153.2377       101444.3602        101232.825       101411.4603       101255.9422       101399.9264
           0.4625            101325            101325       101490.7495       101294.5465       101099.0582       101335.7663       102071.3862       101082.7115       101502.5733       101182.5747       101448.0521       101216.7506       101428.9526
            0.475            101325       101300.8672       101488.1829       101467.2108       101118.5407       101093.2838       102043.5447       101158.3812       101454.8361       101205.4965       101440.8574       101219.8964       101426.5744
           0.4875            101325        101223.868       101364.7114       101511.9661        101303.127       101001.1308       101612.7472       101329.9195       101333.0901       101314.5094       101339.8604       101307.6288       101346.3099
              0.5            101325       101215.8011       101216.8597       101502.9487       101498.4178       101065.1397       100998.9848        101500.554       101209.6976       101421.1432       101245.2689       101403.1573       101261.7369
           0.5125            101325       101263.3465       101170.1648       101354.3715       101554.0459        101313.887        100588.283        101569.181       101149.1205       101469.1822       101201.9585       101434.8994       101226.2885
            0.525            101325       101436.8548       101170.2251       101195.0622        101526.442       101566.1677       100608.9545       101494.1159       101194.5391       101440.2947       101210.7842       101431.2095        101228.031
           0.5375       101324.9991       101472.4059        101280.158       101142.5997       101345.6142       101651.9357       101038.2051       101321.2743        101319.015       101337.4264       101310.8642       101342.3943       101303.6348
             0.55       101284.5698        101472.249       101446.7184       101147.0356       101162.2347        101577.707       101661.7942       101152.6034       101444.1212       101232.9464       101409.1846       101253.4127       101397.0455
           0.5625       101229.3186       101377.0845       101485.8063       101293.4437       101099.5138       101334.8863       102071.8555       101081.9818       101502.2752         101181.97       101449.5181       101215.1448       101425.2134
            0.575       101225.3807       101230.5596        101483.622       101466.2571       101118.1975       101093.5411       102043.0389       101154.8111       101456.8987       101208.2142       101435.4899       101218.6785       101422.8959
           0.5875       101302.7447       101187.9308       101363.0743        101510.527       101302.6205       101000.1063         101612.57       101331.1242       101333.2717       101313.7723       101340.9368       101307.7102       101345.8777
              0.6       101439.9506        101185.683       101214.8936       101501.8069       101498.3003       101064.6385       100999.0064       101500.5376       101210.8127        101420.802        101245.417       101401.3529       101259.3481
           0.6125       101460.7202        101262.919       101168.5871       101352.9227       101553.4114       101313.5661       100588.4729       101568.6845       101147.6082       101469.1115        101201.592       101436.1702       101224.8757
            0.625       101459.6708       101431.4976        101168.554       101194.1693       101526.2477       101565.4216       100608.8601       101494.4072        101192.652       101440.1337       101212.9685       101431.1698       101226.8697
           0.6375       101340.5942        101467.932        101279.773       101142.9098       101345.2198       101652.0715       101038.4854       101320.1266       101320.3624       101336.8762       101309.8188       101343.8799       101304.0356
             0.65       101224.1888       101468.0405       101445.6981       101147.1711       101162.2812       101577.6003       101661.4988       101152.5365        101444.508       101232.9443       101408.6733       101253.3635       101395.5796
           0.6625       101198.1409       101375.7856       101484.5556       101292.7942        101098.831       101334.7261       102070.9337       101081.4799       101500.1864       101180.8529       101449.3161       101214.8983       101426.3527
            0.675       101197.7131       101229.0808       101482.5168       101465.9648       101117.6152       101093.6301       102042.9693       101154.1817       101456.3762       101208.2828       101435.0093       101218.9131       101423.8495
           0.6875       101304.8629       101186.3202       101361.8119       101510.1487       101302.4366       101000.1605       101612.0934       101331.5789       101333.3307       101313.9234       101340.4154       101306.4676       101346.5859
              0.7       101435.6119       101184.1853       101214.1777        101501.363       101497.8077       101064.6157       100998.6002       101500.6192       101209.6251       101420.6711       101245.8488       101401.0237        101259.097
           0.7125       101456.6692       101262.7033       101168.7756       101352.8767       101553.4721       101313.6677       100588.1803       101568.5336       101148.4488        101470.009       101200.9482       101435.9243       101224.6981
            0.725       101455.7775       101430.4986       101168.8061       101194.0415       101526.2232       101565.2352       100608.7195       101494.9251       101191.2052       101439.3066       101213.7852       101430.8864       101226.9224
           0.7375       101339.6972       101466.9256       101278.4889       101142.3702       101345.0192       101651.5453       101038.4572       101319.7999       101318.7712       101336.7786       101309.8687         101343.36       101303.0803
             0.75       101222.7529       101467.0853       101445.7174       101146.6087       101162.3649       101577.2958       101661.5776       101152.0168       101443.1383       101232.8488       101407.9661       101253.5902       101395.4283
           0.7625       101196.6832       101374.6684       101484.1049       101292.5218       101098.8393       101334.4598       102071.0214       101080.9971       101498.5415       101180.1921       101449.9783       101214.4319       101426.0894
            0.775       101196.3554         101228.38       101482.1445        101465.681       101117.6183       101093.2786       102043.1718       101154.0842       101458.2706       101207.6324       101433.1545       101218.7685       101423.5223
           0.7875       101304.6562        101186.571       101361.7532       101510.0086       101302.5136       101000.0766       101612.0264       101331.0691       101330.8279       101313.9769        101340.173       101306.4438       101346.0732
              0.8       101434.7027       101184.3133       101214.2119       101501.5128       101497.6536       101064.7044       100998.6971       101500.4907       101207.1993        101420.874       101245.9782       101400.3215       101259.1621
           0.8125        101455.821       101261.6185       101168.2836       101352.5189       101553.0869       101313.7055       100587.9471       101568.9522        101151.298       101470.0392       101200.6258       101436.4017       101224.3284
            0.825       101454.9354       101430.3431       101168.2959       101194.2303       101525.9742       101565.3987       100608.3881       101494.8107       101189.8545       101440.4625       101214.4226       101430.4519       101226.6733
           0.8375       101338.3864       101466.5392       101278.3489       101142.3215       101344.8711       101651.6989       101038.2127       101320.0708       101318.7403       101337.0228       101309.8557       101343.4033       101303.2199
             0.85       101222.5725        101466.721       101445.3394       101146.7449       101162.0317        101577.501       101661.2967       101152.2538       101444.4054       101232.5348       101407.9729       101253.7159       101394.9244
           0.8625        101196.799       101374.8239        101484.148       101292.5422       101098.8592       101334.4489        102070.865       101080.9338       101498.5311       101180.2952       101450.0319       101214.4757       101426.3824
            0.875       101196.4147       101228.3022       101482.1173       101465.6538       101117.5039       101093.4056       102043.0572       101154.0394       101458.3265       101207.0822       101432.8387       101218.7099       101423.9369
           0.8875       101303.9975       101186.1702        101361.798       101509.7072       101302.5803       100999.7345       101612.2182       101330.9271       101331.4666        101314.289       101340.2318       101306.5208        101345.831
              0.9       101434.4034       101183.9121       101213.9635       101500.9443        101497.602       101064.4554       100998.6921       101500.1865        101208.126       101421.5443       101245.3416         101399.87       101259.8995
           0.9125        101455.474        101261.187        101168.482       101352.5112       101553.2473       101313.2448       100588.2207       101568.9597       101152.5724       101468.2653       101200.4179       101436.4183       101223.5474
            0.925       101454.6132       101430.2161       101168.2853       101193.6982       101525.8991       101564.9685       100608.5454       101494.2019       101189.6594       101441.1288       101214.4712       101430.2654       101227.0575
           0.9375        101338.621       101466.4866       101278.4284       101142.8018       101344.4937       101651.6372       101037.9868        101320.179       101318.9338       101336.9488       101309.7481       101343.4367       101303.0219
             0.95       101222.4059       101466.8939       101445.6959        101146.413       101162.0874       101577.2836       101661.4371       101152.0683       101445.2391       101232.2976       101408.6629       101254.0191       101394.2507
           0.9625       101196.4262       101374.2813       101483.5896        101292.461       101098.3398         101334.55       102070.6564       101081.2044       101497.2721       101182.8442       101449.8229        101214.242       101426.6678
            0.975       101195.9679       101228.4739       101482.5804       101465.7787       101117.3677       101093.3389       102042.9556       101154.1083       101458.4864       101207.1261       101433.0904       101218.5707       101423.7063
           0.9875        101303.707       101185.9792       101360.5198       101509.3801       101302.5874       100999.9496       101612.0491        101331.188       101331.1608       101314.4269       101340.4898       101306.1518       101346.2405
                1       101434.0251       101184.7043       101214.6532       101501.4099       101497.4795       101064.8669       100998.3673       101500.5154       101207.8027       101421.9689       101244.8569       101400.3364       101260.0124
           1.0125       101456.0508       101261.5282       101167.8493       101352.7437       101553.2739       101313.2114       100588.1186       101568.3623       101152.4573        101467.659       101199.8297       101436.3636         101223.45
            1.025       101454.5236       101429.2514       101167.6767       101193.6928       101526.2055       101565.0074       100608.4198       101494.7112       101189.2307       101442.8057       101214.5817       101430.2638       101226.8588
           1.0375       101339.0644       101466.6747       101279.6098       101142.6837       101344.6046       101651.6352       101038.4526       101319.8034       101319.4483       101334.9924       101309.7101       101343.6623       101302.7556
             1.05       101222.0339       101465.5828       101444.3535         101145.94       101162.2131       101576.8311       101661.2641       101151.8657       101445.4261       101230.3786       101408.8994       101253.5982       101394.2033
           1.0625       101196.2347       101374.5714       101484.4028       101292.6446       101098.3267       101334.4536       102071.0741       101080.9463       101497.3015       101183.7017       101449.7647       101214.1629       101426.1831
            1.075       101197.2708        101229.275       101482.6056       101465.1324       101117.4999       101093.1664       102043.0719       101153.9317       101459.0286        101204.808       101432.4845       101218.5636       101424.3108
           1.0875       101301.7884        101185.117       101360.1851       101509.5193       101302.1485         101000.38       101611.3243       101331.1266       101330.4082       101315.0031       101340.9343       101305.7845       101345.8767
              1.1       101435.5856       101185.0663       101215.1227       101501.3799       101497.4649        101064.072       100998.8608       101500.5526       101208.6173       101421.9623        101244.211        101400.847       101260.4491
           1.1125        101454.635       101260.5171       101166.7016       101352.9803        101552.876       101314.5519       100587.7535       101568.7635       101152.3722       101466.8696       101200.7544       101436.2412       101223.1689
            1.125       101454.3861       101430.2319       101168.5924       101193.1842       101526.2946        101565.298       100609.1143       101494.7328       101188.7081        101443.736       101214.6882       101430.4397       101227.0597
           1.1375       101338.8775       101466.4305       101279.3119       101143.7621       101344.0742       101651.1673       101037.4076       101319.9747       101320.2412       101335.7608       101308.8675        101343.821       101301.8085
             1.15       101222.5219       101465.6253        101443.656       101145.2168       101162.7348       101576.2654       101661.3979       101152.5543       101443.7846        101230.341       101410.0195       101252.8246       101395.1362
           1.1625       101195.9296       101375.7598       101485.1577       101293.0635       101098.1082       101333.9024       102071.6298       101082.0006       101498.3594       101184.2617       101448.4291       101214.9283       101425.6696
            1.175       101195.4149       101228.5593       101482.3581       101464.9299       101116.6843       101093.7805        102043.108       101153.6648       101457.8754       101203.1462       101433.7365       101217.2562       101424.9778
           1.1875       101304.6624       101184.4233       101360.6872       101509.5189       101303.0284       100999.8537       101612.4748       101328.6324       101331.8634       101313.7231       101341.8053       101306.9391       101345.8201
              1.2        101432.813       101186.1589       101214.6519       101500.4973       101496.4295       101062.5479       100997.3261       101499.0058       101209.8053       101423.6379       101244.7725       101399.5957       101260.9146
           1.2125       101456.2895       101258.8467       101167.2872       101353.9183       101553.8462        101314.886       100589.7663       101568.5178       101153.3141       101465.5211       101203.2513       101436.2423       101223.4951
            1.225        101454.674       101431.2134       101168.4293       101191.9339       101526.0168       101565.6982       100608.2687       101496.8801       101183.9418       101445.0888       101213.8066       101431.0341       101226.3759
           1.2375       101337.3921       101466.5458       101277.5481       101145.5224        101345.034       101651.1126       101038.4842       101322.7483        101319.492       101336.6536       101310.0617        101343.211       101302.3203
             1.25       101224.5459       101464.7692       101448.0747       101144.2559       101162.1997       101578.4773       101661.1943       101146.0554       101448.1493       101226.1454       101410.3657       101253.3445       101394.3191
           1.2625       101194.1197       101377.1821       101479.5757       101295.3708       101098.3316       101331.8418       102073.5467       101085.5286        101502.649       101182.2231        101447.715       101214.1936       101427.0191
            1.275       101195.3935       101226.7665       101484.7938       101463.7199       101116.0778       101094.8018       102040.3179       101154.1305       101455.0949       101206.2526        101434.772       101217.6746       101424.1914
           1.2875       101306.1221       101185.3716       101360.7558       101508.6469       101304.4429       100999.0477       101613.4083       101330.6954       101327.0236       101319.2661       101337.8299       101306.9924       101346.6374
              1.3       101430.0648       101186.5935       101212.2021       101503.9576       101495.0945       101062.1116       100997.5729         101497.29        101213.346       101433.5652       101248.4491       101401.3074       101260.2558
           1.3125       101460.0727        101257.041       101171.0418       101349.6038       101555.6603       101316.1265       100587.9499       101569.9746       101156.5763       101461.4202        101207.318       101434.0047       101223.0867
            1.325       101453.4205       101434.4833       101164.8284       101193.7935       101524.4616       101564.8605       100610.2576        101494.623       101179.0962       101442.9853       101211.6014       101431.7606       101226.3519
           1.3375       101338.6129       101463.1794       101280.3404       101145.6075        101343.555       101650.2584       101038.8921        101323.217       101322.3216        101341.649       101302.9832       101344.1092       101300.6681
             1.35       101223.0978       101468.2695       101446.3188       101140.8884        101164.552       101577.0562       101659.4137       101149.1853       101441.1836       101227.0712        101396.915       101251.8653       101395.0885
           1.3625       101193.6847       101372.3197       101481.4511       101300.0501       101097.2455       101335.5459       102070.2155       101078.8966       101497.6539       101178.6038       101456.3829        101213.821       101427.2137
            1.375       101196.8211       101232.4593       101485.2764       101457.9556       101117.2093       101092.1691       102041.4481        101160.461       101462.8109       101203.9257       101434.4761       101216.1856       101424.4413
           1.3875       101303.8906       101180.3184       101358.5068       101511.6017        101306.597       101000.5161        101614.578       101324.7474       101328.2049       101312.4438       101332.0368       101308.7791       101346.6362
              1.4       101433.1789       101187.8416       101215.7086       101504.0018       101490.3491       101064.3852        100997.232       101499.6252        101209.577       101430.6235       101251.5552       101407.7459       101261.2543
           1.4125       101456.3724       101258.8202       101167.4432       101346.2952       101560.6594       101313.3814       100592.4899        101565.085       101155.2934       101469.8611        101202.433       101431.5179       101221.0522
            1.425       101459.3241       101433.9553       101167.5583       101198.1779       101519.7899       101563.2028       100607.5186       101499.7733       101189.3717       101433.8493       101216.3041       101434.0444       101227.9837
           1.4375       101332.5752       101462.3086       101280.0248       101142.9583       101344.4355       101655.6019       101038.7099        101323.647       101312.8164       101344.0338       101307.2234       101340.0761       101295.6275
             1.45       101225.9831       101470.5028       101443.0725       101142.9091       101169.3206       101570.3795       101661.8356         101152.31       101446.9199       101234.3624       101400.4179       101249.9072       101395.8911
           1.4625       101192.5336       101369.8592       101484.6965       101297.1367       101089.9948        101340.165       102069.2536       101083.1938       101500.3123       101179.9173       101446.3989       101215.6778       101428.0186
            1.475       101197.3896       101235.1102        101485.772       101460.8411       101120.5031        101089.926       102042.2094       101157.5055       101463.2552       101206.3785       101439.1401       101215.5229       101423.9742
           1.4875       101300.5353       101181.0103        101355.491       101512.1563       101304.7313       100999.2231       101617.8012        101325.129       101333.4025       101315.6151       101330.6269       101302.1354       101348.2977
              1.5        101437.755       101179.6632       101217.8337       101500.9396       101491.0799        101067.191       100988.7316        101503.469       101201.7526       101429.7126       101237.4243       101418.0992       101265.0807
           1.5125       101451.8338       101269.3733       101166.8399       101348.7172       101560.1983        101308.179       100597.7706         101566.92       101152.6074       101464.9934        101204.608        101428.583       101221.9384
            1.525       101461.7595       101430.6692        101170.243       101199.1097       101521.4501       101568.7414       100603.0701       101490.3564       101195.4106       101447.9266        101213.929       101430.3406         101223.83
           1.5375       101336.8298       101459.0998       101276.8308       101139.9768       101342.7572       101651.2546       101038.5172       101329.2309       101313.6266       101333.7743        101305.093       101349.0743         101288.07
             1.55        101214.036       101473.6922       101443.5385       101142.8257       101169.0724       101574.0655       101666.9501       101142.3728        101448.512       101227.9516       101398.7132       101251.8109       101401.3293
           1.5625       101206.1266       101370.7626       101486.9025       101299.1978       101089.1625       101338.2964       102064.2435         101089.81        101492.603       101182.7981        101443.952       101214.8662       101428.0168
            1.575       101192.1487       101234.1421       101484.9584       101460.2477       101123.4536       101092.6945       102044.9067       101152.8534       101457.1584       101216.1598       101440.3563       101219.6001       101421.0479
           1.5875        101296.667       101179.6599       101353.3611       101511.1928        101303.824       100996.8371       101614.5176       101325.2491       101337.2988       101309.3968       101340.0547       101310.3791       101349.3131
              1.6        101441.902       101180.1743       101219.2155       101500.4775       101489.0443       101068.0497       100990.6147       101511.2399       101196.7365       101424.8378       101239.7814       101404.6738       101263.6327
           1.6125       101453.1261       101272.2844       101167.7855       101350.8295       101560.6368       101308.1194       100594.7429       101557.7918       101161.1795       101464.9614        101203.777       101431.1668       101222.6118
            1.625       101458.2927       101426.6458       101169.4646       101197.0463       101525.6762       101569.8987       100608.1714       101496.1885       101187.2887        101436.804       101221.2573        101438.017       101225.3858
           1.6375       101337.3504       101459.7689       101273.8966       101140.3963       101338.7054       101649.8969       101035.1228       101323.4793       101316.7564       101349.5106       101306.4941       101344.4311       101295.6806
             1.65       101216.6474       101476.7284       101445.6463       101143.1167       101167.6704        101572.854       101663.7011        101143.964       101451.5691       101219.3801       101415.7102       101243.8251       101396.1155
           1.6625        101204.443       101369.5345       101489.8855        101298.122       101093.5244       101341.6204       102070.0016       101086.8245       101490.6674       101187.2546       101443.8435       101214.6792       101428.3861
            1.675       101189.9284       101232.8701       101482.3697       101463.3872       101122.3508       101092.3562       102046.8976       101161.2538       101461.0569       101213.1457       101433.1564       101232.5841       101422.0319
           1.6875        101300.101       101179.9302       101352.5197       101507.4258       101301.3677       100993.6283       101611.1481       101317.3789       101332.4924       101301.0441       101346.9058       101290.1363       101353.9058
              1.7       101440.7362        101179.863       101221.5914       101501.0218       101491.2863       101070.1074       100992.2555       101508.4724       101201.8421       101434.0446       101230.7691       101405.7953       101257.7274
           1.7125       101452.0742       101273.0198       101166.0424       101354.7518       101561.2266       101306.2943       100592.2438       101562.6525       101161.6521       101459.1526       101207.3708       101434.8452       101219.1012
            1.725       101460.8378       101426.9202       101170.3353       101191.7197       101524.1321       101573.8151       100609.9071       101498.0944       101183.8969       101439.4168       101225.6167       101423.1043        101234.711
           1.7375       101336.3239       101458.8053       101273.3234         101143.76       101341.2093       101646.1237       101033.9571       101323.3447       101320.4454       101343.0628       101302.4657       101362.2398       101292.6991
             1.75       101215.0554       101477.1324       101445.9925       101144.5783       101162.3622       101573.1556       101664.1763       101137.8934       101459.5687       101223.0763       101423.9055       101231.4406       101399.5028
           1.7625       101205.5171       101369.3799       101492.9521       101293.9487       101099.6923       101345.1147       102067.2854       101088.4216       101488.2102       101185.2247       101438.4359       101222.7049       101424.5571
            1.775       101191.4331       101233.7718       101475.1607       101468.4092       101119.4904        101088.316       102048.3041       101159.8544       101463.3632       101214.8653       101430.4367       101232.2514        101414.387
           1.7875       101298.1037       101179.1278       101360.7873        101502.484       101299.9782       100996.8325       101607.4529       101323.0038       101326.5954       101296.8601        101343.193       101281.0676       101368.6706
              1.8       101439.8251        101178.033       101218.0963       101502.9133       101493.6264       101066.4066       100993.9126       101510.1174       101194.9701       101433.2304       101230.1415       101413.9277       101250.0903
           1.8125       101454.7003       101277.5748       101164.4939       101355.3678       101558.8359       101311.1613       100596.7596       101561.2178       101162.0966       101462.3347        101211.145       101430.5563       101229.0455
            1.825       101460.5309       101420.6812       101171.4799       101189.3616       101526.5081       101571.8385       100605.5101       101498.2432       101192.8292       101443.1892       101218.0461       101415.2297       101238.3118
           1.8375        101336.053       101460.9034       101272.1154        101146.851       101337.8056       101643.2854       101033.9387       101318.2706       101316.1414       101343.0773         101314.43       101364.9452       101279.9813
             1.85       101213.2385       101477.8997       101447.3902        101142.667        101163.659       101576.5992       101666.0931       101140.1377       101452.6836       101220.4797       101416.0332       101237.4631       101406.8587
           1.8625       101208.0956       101369.6695       101492.6792       101293.2409       101102.3989       101343.5893       102066.1244       101092.5955       101492.3901       101190.5145       101441.7763        101218.257       101416.6624
            1.875       101192.1416       101233.3533       101472.9571       101470.0903       101117.0919       101088.2571       102048.4921       101157.1663       101462.0153       101209.0395       101425.6888       101234.8658       101413.4409
           1.8875        101294.849       101178.9535       101363.8427       101501.6605       101299.3002       100997.7722       101605.2862        101326.532       101324.7521       101297.4416       101347.8226       101286.0889       101365.8997
              1.9       101440.0542       101178.4476       101217.7065       101502.8716       101494.7938       101064.4723        100992.405       101506.5091       101197.8033       101436.9886        101234.232       101415.4766       101254.7767
           1.9125       101455.4532       101278.6754       101163.7052       101355.0729       101558.5316       101313.7161       100600.9034       101565.7389       101162.8984       101462.7592       101208.7112       101425.2269       101224.9786
            1.925       101461.9219       101418.6548        101170.428       101190.5554       101527.8543       101570.4711       100603.4107         101495.05       101193.3842       101442.6392       101224.2193       101420.7197       101246.1824
           1.9375       101333.5572       101460.9094       101273.4906       101146.8962       101336.6159       101643.5471       101035.1305       101317.7593       101316.0651       101339.9993       101297.1146       101354.3107       101276.1257
             1.95       101213.2684       101478.4963       101448.5243       101140.0489       101162.7005       101576.4822       101664.6654       101141.5616       101451.9939       101221.4863       101415.2297       101236.0649       101407.7193
           1.9625       101209.1069       101370.0789       101490.0173       101295.2349       101104.2152       101344.2103       102067.7279       101090.1312       101490.6437       101190.4695       101444.0451       101222.6463       101417.1562
            1.975       101192.5438       101231.4135       101472.7298       101470.3878       101117.5041        101087.558       102046.7646       101158.0127       101461.3001       101209.6603       101431.5169       101228.9291       101414.1887
           1.9875       101293.9585       101179.3726       101367.0718       101502.1034        101298.719       100996.8384        101608.313       101329.2501       101321.3291        101304.418       101342.3874       101297.2547       101361.5299
                2       101439.0798       101180.1139       101216.1248       101500.7693       101493.1767       101066.4321       100991.8246       101504.6117       101199.4159       101430.5562       101229.2714       101410.3305       101247.1331
# Probe 0 (-126 0 0)
# Probe 1 (-105 0 0)
# Probe 2 (-84 0 0)
# Probe 3 (-63 0 0)
# Probe 4 (-42 0 0)
# Probe 5 (-21 0 0)
# Probe 6 (0 0 0)
# Probe 7 (21 0 0)
# Probe 8 (42 0 0)
# Probe 9 (63 0 0)
# Probe 10 (84 0 0)
# Probe 11 (105 0 0)
# Probe 12 (126 0 0)
#           Probe                 0                 1                 2                 3                 4                 5                 6                 7                 8                 9                10                11                12
#            Time
           2.0125       101456.8531       101277.0113        101163.061       101356.7271       101560.2005       101311.6259        100596.271        101566.359       101168.4376       101468.4551       101213.7213       101425.9803       101228.6237
            2.025       101461.9917        101416.673       101170.1571       101191.6944       101528.5519       101567.2204       100603.6547       101495.9824       101188.6692       101438.2178       101218.2306         101424.21       101240.2033
           2.0375       101332.4344       101461.6929       101273.9387        101148.851       101335.7909       101646.5341       101036.2803       101317.4696       101313.1938       101343.8969       101295.4183       101350.3089       101277.1047
             2.05       101214.4899       101479.5234       101448.2017       101137.3733       101164.2503       101577.4927       101664.7122       101142.4666       101449.3668       101227.9358       101415.0998       101242.9064        101406.302
           2.0625       101209.2807       101371.2605       101487.3268       101293.4845       101105.1131        101343.947       102067.7384       101091.6288       101496.0173       101187.2099       101448.3639       101227.4363       101421.1408
            2.075       101191.9488        101229.416        101473.197         101471.72       101114.9663        101088.963       102044.1585       101158.2804       101458.8007       101210.9029       101432.8739       101230.9015       101412.2128
           2.0875       101292.5257       101180.6938       101368.8849       101502.7712       101297.7854       100992.2939       101609.8204       101326.1769       101320.9159       101305.6501       101336.5174       101285.3525        101364.196
              2.1       101438.7075        101181.888       101216.8329       101498.7111       101492.2703       101072.0518       100992.1903       101504.2377       101200.2347       101434.1386       101228.3141       101411.4746       101246.6996
           2.1125       101458.0745       101275.5587       101162.9333       101357.9096       101562.0788       101312.7594       100597.8399       101567.0274       101169.8183        101467.754       101212.8425       101429.6829       101235.3266
            2.125       101461.3779       101416.0587       101168.6758          101191.6       101529.8297       101565.2107       100604.5698       101493.9997       101188.7491       101435.5733       101221.8456       101424.2418        101240.079
           2.1375       101331.2694       101462.0481       101275.1608       101148.9897       101331.5682       101646.2666       101035.3699       101316.6814       101310.2083       101346.5353        101292.535        101351.739       101269.1605
             2.15       101215.3779        101480.063       101448.5241       101136.2277       101164.4459       101577.1067       101664.8835        101143.678       101451.0098       101230.4721       101410.9025       101246.1187       101408.0577
           2.1625       101209.9692       101371.5268       101486.4138       101294.1164       101107.7545        101344.803       102068.6695       101090.7784       101495.3043       101188.5337       101450.1979       101225.5799       101422.5673
            2.175       101191.2564       101228.7629       101473.7739       101473.4204       101116.6594       101088.3464       102042.3433       101159.1567       101457.3229       101209.9262       101434.4992       101234.1629       101415.4216
           2.1875       101292.0562        101180.779       101368.5963       101503.1311       101294.4649       100989.8507       101611.7629       101327.9204       101323.5443       101308.0145       101333.0783       101282.3554       101355.2299
              2.2       101438.6321       101182.1287       101216.2188       101495.6788       101491.8994       101075.6216       100992.4531       101502.1122       101201.0372       101431.9559        101226.881       101410.8967       101247.8431
           2.2125       101458.8114       101275.1303       101163.0123       101357.1018       101565.4282       101311.9818       100595.7726       101566.0757       101169.3059       101468.4131       101213.3523       101432.7907       101238.1688
            2.225       101460.9918       101416.8516       101168.0271       101196.0408       101529.3091       101563.9039       100604.4101       101495.0028        101190.062       101436.2848       101219.8033       101422.3332       101242.1695
           2.2375       101331.6713       101462.4924       101277.5367        101147.489       101329.0479        101648.537       101037.6925       101316.7537       101307.8646       101340.2878        101296.008       101353.9244         101261.07
             2.25       101214.9067       101478.9435       101447.4577       101133.5879       101165.1651       101577.9619       101666.2377       101143.2692       101448.2089       101230.2964       101412.6246       101247.9225       101406.4023
           2.2625        101209.623        101371.854       101484.7586       101295.9342       101108.1983        101342.614       102065.2186       101089.0329        101497.683       101190.3837       101448.2947       101223.8379       101423.1775
            2.275       101191.5561       101228.1482       101474.2214       101474.0971       101115.5538        101087.128        102041.767       101161.7404       101458.1398       101209.7361       101432.4074       101233.8607        101416.127
           2.2875        101293.087       101181.0349       101369.9918       101504.0856       101294.8748       100990.2398       101615.0952       101328.1499       101322.1874       101308.5071       101336.1275        101280.322       101355.5516
              2.3       101438.1995       101183.6786       101216.6067       101495.6781       101493.3203       101078.6626       100990.8529       101498.2469       101200.2363       101428.5312       101231.1874       101407.5244       101247.9051
           2.3125       101458.6445       101274.2971       101161.3412       101355.4078       101565.5583         101311.36       100595.6256       101568.1767       101171.1805       101468.7116       101211.6017       101432.1659       101238.1216
            2.325       101460.8313       101415.5957       101166.8374        101195.628       101527.1942       101561.1059       100603.6811       101498.4313       101191.6856       101436.6164       101218.6192       101427.4264       101242.0425
           2.3375        101330.832       101463.3858       101279.0891       101147.1325       101329.3446        101649.148       101039.2758         101314.45       101303.4834       101334.8297       101293.5064       101349.6922       101260.6628
             2.35        101215.836       101479.3438       101448.7063        101134.683       101166.0622       101579.4749       101664.9573       101138.7073       101448.5287       101233.4937       101414.9181       101243.5514       101407.0561
           2.3625        101210.157       101372.9793       101485.8803       101297.4788       101108.5161       101343.2722       102063.8384       101091.0916       101498.0284       101190.6249       101448.3917        101225.689        101423.816
            2.375       101191.1119       101227.2652       101473.4851       101472.1421        101116.416        101086.507       102043.4971       101163.1231       101459.3727       101208.0814       101429.2374        101235.494       101418.1742
           2.3875       101291.6361        101179.448       101367.4207        101503.864       101292.4595       100990.7388       101615.5811       101328.0748       101318.5918       101304.3661       101336.5378       101281.3692       101350.3476
              2.4       101438.6859       101183.0845       101216.9134       101495.6779       101492.9381       101077.6169       100988.9374       101496.5496       101202.3989       101431.1371       101233.4597       101410.4141        101248.174
           2.4125       101459.7226        101276.479       101163.2065       101356.0077       101567.8446       101311.4937       100595.2306       101568.7738       101169.8567       101467.5188       101208.6646       101428.7529       101239.8626
            2.425       101461.1356       101417.7309       101167.3641       101196.3338       101527.2157       101561.4329       100605.3714       101498.5924       101195.2366        101436.918       101218.8444       101428.0038       101240.0641
           2.4375        101330.964       101462.1482       101278.5202       101146.6899       101329.4852       101649.6286       101039.7317       101315.1832       101299.2946       101332.6229       101300.0398        101346.916       101260.9341
             2.45       101214.2108       101477.3882       101447.1912       101133.5109        101164.781        101579.728       101665.9048        101135.927       101449.1016       101236.8637       101415.7846       101240.3089       101407.4146
           2.4625       101209.2281       101372.6825       101486.1581       101297.0949       101108.1988       101342.1908       102062.2363       101092.3909       101499.3405       101189.9765       101445.7269       101225.4033        101421.846
            2.475       101192.0966       101228.2185       101474.5407       101473.3496       101116.9759       101084.1868       102042.8794       101165.3234       101459.2792        101206.608       101429.9067       101238.1138       101419.6297
           2.4875        101295.122       101180.4492       101368.0007       101504.5402       101292.5024       100994.6315       101615.7269       101325.4947       101316.4683       101301.5892       101337.9712       101280.9065       101349.4362
              2.5       101436.9094       101182.9259       101216.2962       101495.6757       101494.0966       101077.0461       100989.3636       101498.4404       101203.1126        101433.531       101233.4519       101408.1834       101247.6176
           2.5125       101458.7816       101274.3513       101161.7471       101354.0459       101567.9141       101311.3049       100597.4608       101569.1227       101169.9122       101467.7696       101207.8105        101429.937       101239.8671
            2.525       101460.8809       101417.7943       101167.3428       101196.8274       101523.4387       101561.1213       100603.2754       101498.9318       101195.7361       101437.0489        101218.624       101429.1285       101240.8781
           2.5375       101331.5167       101463.2762       101279.2333       101146.6517        101331.565        101647.867       101039.8526       101315.2487       101302.7809       101328.0574       101303.4349       101347.3225       101257.6997
             2.55       101214.5641       101479.1107       101448.7259       101134.5063       101165.9039       101580.6473       101665.4043       101136.9859       101447.8175       101240.0291       101416.3239        101237.233       101406.6598
           2.5625       101209.5162       101371.4321       101485.5562       101297.6604       101108.3796       101343.8893       102061.8621       101088.3471       101499.1775       101190.8885       101444.3593       101225.1018       101424.9633
            2.575       101191.3914       101226.5177       101473.5959       101471.5707       101117.6452       101083.0506        102044.259       101165.5557       101458.6288       101204.4401       101428.9721       101239.4549       101419.2482
           2.5875       101292.7064         101180.89       101367.3079       101504.1602       101290.6474       100994.7788       101617.0718        101327.576       101317.3534       101299.7262       101344.3814         101278.14       101351.9303
              2.6        101439.744       101183.3789       101217.4015       101495.4868       101493.2751       101075.8049       100987.8322       101498.2522       101199.3984       101436.7185       101235.9083       101406.9154       101247.5038
           2.6125       101459.6312       101275.3706       101162.8925       101355.2702       101570.0899       101310.6191       100596.0022       101569.4057       101168.9742       101469.1312       101205.4578        101431.935       101239.3155
            2.625       101460.3167       101418.1467         101166.97       101198.5137       101524.1918       101562.9158       100604.2304       101498.2033       101196.9905       101434.2546       101219.8313       101428.1127       101241.7468
           2.6375       101329.6648       101461.5772       101278.7567       101145.1825       101331.0054        101647.539       101039.1399       101315.3832       101302.4826       101330.3903       101303.2114       101347.7433       101258.0935
             2.65       101215.1079       101478.2001       101447.4755       101133.0561       101164.8002       101581.3662       101666.8571       101135.4151       101448.4926       101236.7056       101419.8913       101234.3403       101403.7386
           2.6625       101209.9694       101372.7506       101485.6365       101298.0623       101107.5507        101343.393       102061.0812       101090.8292       101497.3616        101191.791       101442.3072       101227.3815       101427.6367
            2.675       101191.8852       101227.5673       101474.7593       101472.4593       101119.2618       101081.3951       102043.8004       101164.6424       101458.8505       101204.7226       101430.1267       101239.2354       101418.6677
           2.6875       101293.7515       101180.5281       101368.1305       101505.6547        101290.024       100996.1033       101616.9167       101326.3036       101317.4878       101301.8652       101341.3061       101280.0849       101348.9055
              2.7       101437.7122        101183.247       101216.0711       101494.7953       101494.2259       101077.2161       100988.6685       101499.9037       101201.0204       101434.0499       101234.8165       101406.7636       101249.4193
           2.7125       101459.2944       101273.7486       101162.2233       101353.3681       101570.3304       101309.0887       100596.0916       101569.2977       101169.7269       101467.9627       101206.0848       101433.2666       101239.4525
            2.725       101460.7651       101418.2235        101166.878       101199.5787       101521.7572       101562.7719       100603.3807       101498.5003        101194.951       101434.2702       101220.8603       101426.7452       101241.2617
           2.7375       101331.2667       101463.1908       101279.5795       101144.9782        101332.805       101646.8839       101039.6733       101314.9119       101305.4986       101329.0494       101303.0069       101346.3476       101258.8748
             2.75       101214.8738        101479.104       101449.1899       101134.2574       101164.3553         101581.99         101666.05       101134.1942       101449.3244       101236.9299       101419.2538       101235.3307       101403.5311
           2.7625       101209.3734        101371.318       101484.2244       101297.3306       101108.0642       101344.0803       102061.6971       101091.8149       101497.4614       101192.7213       101443.6888       101226.8973       101429.9272
            2.775       101191.0563       101226.7825       101474.4525       101471.7918       101120.5822       101081.1781       102045.2262       101164.4217       101457.6905       101203.4239       101428.6987       101237.8151       101418.2255
           2.7875       101293.0945       101180.7277       101366.9304       101506.4144       101287.0431       100995.6335       101615.2413       101326.1618        101317.642       101302.2987       101341.5389       101282.4993       101348.5828
              2.8       101439.6624       101183.9683        101217.387       101494.3109       101495.1458       101077.1797       100988.1282       101500.8056       101201.3433       101436.4772       101236.6298       101406.7713       101248.8559
           2.8125         101459.54         101274.98       101163.0765       101353.1397       101571.6551         101308.55       100596.8502       101568.2447       101168.6995       101467.3052       101205.6185       101431.6153       101239.4134
            2.825       101460.1579       101417.8801       101166.1244       101201.7438       101520.1386       101564.5529       100603.3032       101498.6968       101195.9463       101433.5782       101220.3472       101428.2744       101241.0919
           2.8375        101329.913       101462.2719       101278.9496       101142.7699       101333.5804       101646.8671       101039.1374        101315.983       101305.4964       101330.9334       101302.5925       101346.9444       101259.7918
             2.85       101215.2565       101478.4341       101449.8763       101134.7836       101163.9278       101580.7694        101667.382       101134.0578       101448.4705       101235.3938       101418.6203       101232.4978       101404.0071
           2.8625       101210.1279       101371.7784       101483.4209       101296.6612       101107.1426       101344.2075       102060.8554        101092.439       101498.1914       101193.7451       101444.1841       101226.9196       101428.4815
            2.875       101191.6112       101227.9552       101475.0693       101471.9946       101122.3111       101081.4697       102044.2832       101163.3511       101457.7934       101202.5134       101428.5362       101237.7489       101418.0119
           2.8875       101293.3551       101179.6721       101367.0807       101507.9502       101286.6265       100995.6173       101616.2577       101325.4118       101316.4706       101303.1076       101341.9741       101283.4088       101350.8304
              2.9       101438.6932       101184.1961       101217.0571        101492.313       101494.8543        101076.546       100988.3957       101500.6692       101201.6551       101437.1057       101238.2624       101408.0065       101249.2882
           2.9125       101459.1243       101273.9605       101163.2791       101352.7574       101571.8677       101308.4077        100596.878       101568.3873       101169.6378       101466.8761       101204.6148       101431.3843       101239.7185
            2.925       101460.7273       101418.7473       101165.1591        101204.216       101519.0443        101565.255       100603.6996       101499.3664        101195.444       101433.2876       101221.5583       101427.8322       101241.2991
           2.9375       101330.4047       101462.4692       101280.6492       101140.6177       101335.0902       101646.1563       101038.7062       101316.3741       101306.3911       101331.8384       101302.3342       101347.2327       101259.2971
             2.95       101215.0452       101478.1195       101449.9076       101135.6573       101163.0634       101580.1143       101666.4922       101132.8251       101448.3021       101235.0977       101416.7585       101231.2792       101402.0206
           2.9625       101209.6785       101372.4764       101480.6628       101297.6309       101106.2639       101345.6003       102060.4491       101092.9229       101497.8605       101193.5555       101444.1547       101228.7895       101429.8329
            2.975       101191.2288       101227.3792       101476.7739        101468.952       101123.4404       101081.7688       102045.0858       101164.2056       101457.9677       101202.9796       101428.7938       101237.3049       101417.0446
           2.9875       101293.6849        101178.965       101366.4728       101510.7912       101286.2014       100995.1687       101616.7149       101325.0065       101316.8962       101303.6599       101340.8613       101282.8973       101352.7065
                3       101439.2517       101185.8831       101217.4242       101492.3466       101494.4732       101076.8916       100987.3056       101501.7788       101200.9928       101437.7548       101239.2382       101408.2469       101250.6452
