# Probe 0 (-126 0 0)
# Probe 1 (-105 0 0)
# Probe 2 (-84 0 0)
# Probe 3 (-63 0 0)
# Probe 4 (-42 0 0)
# Probe 5 (-21 0 0)
# Probe 6 (0 0 0)
# Probe 7 (21 0 0)
# Probe 8 (42 0 0)
# Probe 9 (63 0 0)
# Probe 10 (84 0 0)
# Probe 11 (105 0 0)
# Probe 12 (126 0 0)
#           Probe                 0                 1                 2                 3                 4                 5                 6                 7                 8                 9                10                11                12
#            Time
           0.0125            101325            101325            101325            101325            101325            101325            101325            101325            101325            101325            101325            101325            101325
            0.025            101325            101325            101325            101325            101325            101325            101325            101325            101325            101325            101325            101325            101325
           0.0375            101325            101325            101325            101325            101325            101325            101325            101325            101325            101325            101325            101325            101325
             0.05            101325            101325            101325            101325            101325            101325            101325            101325            101325            101325            101325            101325            101325
           0.0625            101325            101325            101325            101325            101325            101325            101325            101325            101325            101325            101325            101325            101325
            0.075            101325            101325            101325            101325            101325            101325            101325            101325            101325            101325            101325            101325            101325
           0.0875            101325            101325            101325            101325            101325            101325            101325            101325            101325            101325            101325            101325            101325
              0.1            101325            101325            101325            101325            101325            101325            101325            101325            101325            101325            101325            101325            101325
           0.1125            101325            101325            101325            101325            101325            101325       100886.6419            101325            101325            101325            101325            101325            101325
            0.125            101325            101325            101325            101325            101325            101325       100707.6506            101325            101325            101325            101325            101325            101325
           0.1375            101325            101325            101325            101325            101325            101325       101093.0113       101324.8796            101325            101325            101325            101325            101325
             0.15            101325            101325            101325            101325            101325       101324.9848       101706.0051       101266.0204            101325            101325            101325            101325            101325
           0.1625            101325            101325            101325            101325            101325       101317.4241       102105.0525       101135.2584            101325            101325            101325            101325            101325
            0.175            101325            101325            101325            101325            101325       101214.5653       102060.7236       101177.2909            101325            101325            101325            101325            101325
           0.1875            101325            101325            101325            101325            101325       101076.9335       101604.8692       101351.7699            101325            101325            101325            101325            101325
              0.2            101325            101325            101325            101325            101325       101106.5378       101019.2554       101511.8125       101293.6857            101325            101325            101325            101325
           0.2125            101325            101325            101325            101325            101325       101337.3787       100591.1441       101580.5236       101187.8286            101325            101325            101325            101325
            0.225            101325            101325            101325            101325            101325       101580.5455       100616.0261       101499.7544       101203.0647            101325            101325            101325            101325
           0.2375            101325            101325            101325            101325       101324.9186       101664.6766        101036.922       101323.3618       101333.0653            101325            101325            101325            101325
             0.25            101325            101325            101325            101325       101249.8516       101587.4856       101664.5048       101159.3754       101452.5054       101315.0479            101325            101325            101325
           0.2625            101325            101325            101325            101325       101154.3568        101340.257       102081.0674       101084.7726        101505.991       101212.9714            101325            101325            101325
            0.275            101325            101325            101325            101325       101156.8085       101099.8032       102046.7794        101162.471       101462.8286        101217.027            101325            101325            101325
           0.2875            101325            101325            101325            101325       101317.0494       101003.6964       101617.8099       101337.1634       101333.7752       101325.4328            101325            101325            101325
              0.3            101325            101325            101325            101325       101508.9668       101068.9686       101005.3008       101503.0973       101213.0415       101428.5223       101322.2288            101325            101325
           0.3125            101325            101325            101325       101324.9992       101562.3345       101316.7751       100587.1493       101569.1062       101153.3293       101472.3563       101228.2408            101325            101325
            0.325            101325            101325            101325       101272.9794       101532.9839       101566.9363       100611.5837       101500.1969       101193.9158       101449.9465       101228.9163            101325            101325
           0.3375            101325            101325            101325       101188.3651       101349.8445       101655.0731       101039.6228       101317.5611       101321.3337       101338.3512       101320.2085            101325            101325
             0.35            101325            101325            101325       101185.2396       101166.4519        101579.414       101662.7517       101152.4121       101446.9763       101235.7137       101415.2375       101324.1672            101325
           0.3625            101325            101325            101325       101299.4438        101101.814       101337.0548       102072.9289       101081.8636       101499.6015       101185.0939       101452.3739       101239.0856            101325
            0.375            101325            101325            101325       101474.7205       101120.6762       101096.0499       102043.6473       101159.4374       101461.7384       101204.8677       101443.2562       101237.8841            101325
           0.3875            101325            101325       101324.9999       101517.4289       101304.7607       101000.4548       101613.7744       101331.5735       101332.3161       101315.1405       101341.2302       101314.1157            101325
              0.4            101325            101325       101288.9665        101507.224        101499.192        101066.797       100998.4334       101505.8232       101209.4801       101423.7646       101248.0186       101406.1584       101324.7733
           0.4125            101325            101325       101209.2995        101356.662       101555.4192       101314.3985       100590.4943       101569.0489       101150.1254       101467.1485       101204.0709        101438.763       101247.4328
            0.425            101325            101325       101203.3545       101197.5612       101527.4228       101565.9215       100609.1598       101490.2045       101193.6169       101448.7641       101211.3866       101434.8243       101244.7589
           0.4375            101325            101325        101280.329        101144.958       101347.1055       101652.6501        101039.033       101319.4241       101319.7161       101337.0848       101311.0019       101343.6787        101306.418
             0.45            101325            101325       101453.0477       101149.0522       101163.8111       101577.4981       101662.6399       101153.2908       101444.3038       101232.8968       101411.2104       101256.1473       101399.4831
           0.4625            101325            101325       101490.3786       101294.8262       101099.4035       101335.7491       102071.2682       101082.8999       101502.2815       101182.8588       101447.8259       101217.0157       101428.7278
            0.475            101325       101300.1068       101487.7935       101466.6412       101118.9866       101093.5485       102043.4641        101158.487       101454.6697       101205.7643       101440.5581        101220.097       101426.4349
           0.4875            101325       101224.2141       101364.3507       101511.5867        101303.196       101001.3971       101612.8344       101329.8621       101333.0668        101314.503       101339.9719       101307.5165       101346.5295
              0.5            101325       101216.1598       101217.4487       101502.4837        101497.996       101065.4786       100999.0843       101500.4737       101209.7549        101421.095       101245.3991       101402.7727       101262.0493
           0.5125            101325       101264.6767       101170.5508       101354.2395       101553.7049        101313.913       100588.3963       101569.0074       101149.4041       101468.8897       101202.2363       101434.6779        101226.556
            0.525            101325       101436.1336       101170.5847        101195.557       101525.9677       101565.8822       100609.0255       101494.0181       101194.6878       101440.1038       101211.1275       101431.0648       101228.1991
           0.5375       101324.9988       101472.0071       101280.8673       101142.9475         101345.57       101651.6577       101038.1229       101321.3005        101319.002       101337.4462       101310.7936       101342.6033        101303.588
             0.55       101283.9798       101471.8741       101446.0398       101147.4427       101162.6219       101577.3748       101661.6786       101152.6747       101444.0445       101233.0007       101409.0496       101253.6448       101396.5343
           0.5625       101229.6745       101376.2919        101485.412       101293.7064       101099.8375        101334.871       102071.7058       101082.1627        101501.983       101182.2676       101449.2327       101215.4234       101424.9953
            0.575       101225.7513       101231.2626       101483.2624       101465.6801       101118.6352       101093.7863       102042.9458        101154.913        101456.695       101208.4019       101435.1758       101218.8999       101422.7819
           0.5875       101303.7952       101188.3131        101362.677       101510.1596       101302.7023        101000.367       101612.6282       101331.0954       101333.2682       101313.7414       101340.9858       101307.5424       101346.0365
              0.6       101439.2591       101186.0329       101215.4535       101501.3364       101497.8585       101064.9584       100999.0797       101500.4581       101210.8868       101420.7399       101245.5241       101401.0691       101259.6875
           0.6125       101460.3416       101264.1778       101169.0212        101352.788       101553.0718       101313.5651       100588.5497       101568.4911        101147.957       101468.8227       101201.8865       101435.8896        101225.148
            0.625       101459.2837       101430.7314       101168.8832       101194.6761        101525.754       101565.1269       100608.9233       101494.2935       101192.8774       101439.9144       101213.2541       101430.8651       101227.0502
           0.6375       101340.2022       101467.5336       101280.5181       101143.2453       101345.1644       101651.7621       101038.3949       101320.1734       101320.3676       101336.9138       101309.7517        101343.994       101303.8873
             0.65       101224.8848       101467.6926       101445.0064       101147.5458       101162.6348       101577.2495       101661.3862       101152.6231        101444.439       101232.9961       101408.5245       101253.5841       101395.1782
           0.6625       101198.5133       101374.8842       101484.1762       101293.0788        101099.134       101334.6927       102070.7817       101081.6806       101499.9232       101181.1635        101449.031       101215.1833       101426.0791
            0.675       101198.0639       101229.8125       101482.1322       101465.4028       101118.0281       101093.8583       102042.8728       101154.2782       101456.1944       101208.4906       101434.7102       101219.1569       101423.6495
           0.6875       101305.6366        101186.711       101361.4253       101509.7668       101302.4712       101000.4056       101612.1721       101331.5286       101333.3296       101313.8742       101340.4957       101306.3391       101346.7446
              0.7       101434.8921       101184.5436       101214.7764       101500.9103       101497.3383       101064.9248       100998.6839       101500.5544       101209.6834        101420.601       101245.9314       101400.7348       101259.4469
           0.7125       101456.3032         101263.94       101169.1587       101352.7266       101553.0852       101313.6615       100588.2929       101568.3507       101148.7272       101469.7127       101201.2514       101435.6495       101224.9843
            0.725       101455.4102       101429.7355        101169.142       101194.5646       101525.7129       101564.9359       100608.7952         101494.81       101191.4432       101439.0483       101214.0151       101430.5866       101227.1025
           0.7375       101339.2397        101466.521       101279.2676       101142.7246       101344.9549       101651.2437       101038.3729       101319.8331       101318.7675       101336.8144       101309.7796        101343.497       101302.9418
             0.75        101223.454       101466.7355       101445.0272       101147.0126       101162.7105       101576.9563       101661.4838       101152.1008       101443.0668       101232.8991       101407.8215       101253.7883       101395.0065
           0.7625       101197.0599        101373.781       101483.7098       101292.8122       101099.1517       101334.4337       102070.9048       101081.1932       101498.2923       101180.4922       101449.6873       101214.7257        101425.818
            0.775       101196.7059       101229.0954       101481.7825       101465.0991       101118.0465        101093.502       102043.0785       101154.1856       101458.0331       101207.9073       101432.8786       101219.0288       101423.3327
           0.7875       101305.4374       101186.9503       101361.3487       101509.7107       101302.5782       101000.3129       101612.1173       101331.0294       101330.8322       101313.9219       101340.2655       101306.3096       101346.2771
              0.8       101433.9776       101184.6598       101214.8171       101501.0388       101497.2172       101065.0125       100998.7932       101500.3919       101207.2749       101420.7879       101246.0713        101400.047       101259.4841
           0.8125       101455.4438       101262.8952       101168.6522       101352.3997       101552.7502       101313.7064        100588.063       101568.7598       101151.5569       101469.7495       101200.9285       101436.1197       101224.6131
            0.825       101454.5611       101429.6038       101168.6474       101194.6727       101525.4911       101565.1188       100608.4629       101494.7107       101190.0533       101440.1302       101214.6517       101430.1245       101226.8693
           0.8375       101337.9391       101466.1309       101279.0928       101142.6953       101344.8619       101651.4445       101038.1312       101320.0893       101318.7449       101337.0561       101309.7507       101343.5351       101303.0643
             0.85       101223.2608        101466.371        101444.695       101147.0772       101162.3949          101577.2       101661.2111       101152.3104       101444.3165       101232.5948        101407.826       101253.9175       101394.5213
           0.8625       101197.1713       101373.9608       101483.7464       101292.8637       101099.1631       101334.4995       102070.7635       101081.1272       101498.2956       101180.6456       101449.7532        101214.752       101426.0771
            0.875       101196.7739       101228.9813       101481.7494       101465.0252       101117.9271       101093.7009        102042.986       101154.1538       101458.1228       101207.4045       101432.5308       101218.9836        101423.806
           0.8875       101304.7757       101186.5709       101361.3597       101509.4349       101302.6402         101000.06       101612.3169       101330.8842       101331.4649       101314.2205       101340.3074       101306.4102       101345.9567
              0.9       101433.7159       101184.2597       101214.6318       101500.5285       101497.2679       101064.8384       100998.7949       101500.0647       101208.1943       101421.4449       101245.5074       101399.5086       101260.2368
           0.9125       101455.0873       101262.4608       101168.8121       101352.4715         101552.95       101313.2982       100588.3004       101568.7511       101152.8027       101467.9521       101200.6377       101436.2192       101223.8574
            0.925       101454.2443       101429.4679        101168.649       101194.1636        101525.557       101564.7354       100608.6175       101494.1113         101189.87       101440.8851       101214.7889       101429.8813       101227.2238
           0.9375       101338.1505       101466.0663       101279.1481       101143.1374       101344.5593       101651.3072       101037.9283        101320.191       101318.9563       101336.9178       101309.6162       101343.5981       101302.8669
             0.95       101223.1117       101466.5161       101444.9544       101146.7706       101162.4502       101576.9475       101661.3034       101152.1875       101445.1271       101232.3638       101408.5235       101254.2098       101393.8712
           0.9625       101196.7882       101373.4692       101483.2706       101292.7007       101098.5856       101334.6133       102070.5308       101081.3786       101497.1113       101183.1273       101449.5615       101214.5595       101426.3526
            0.975       101196.3229       101229.1734       101482.1857       101465.0932       101117.7125       101093.5212       102042.8447        101154.195       101458.2413       101207.5125       101432.6955       101218.7803       101423.5062
           0.9875       101304.5234       101186.3539       101360.1612       101509.0177       101302.6012       101000.1851       101612.2482       101331.1409       101331.1404       101314.3471       101340.5804       101306.0355       101346.4027
                1        101433.259       101185.0913       101215.1933       101500.9037       101496.9537       101065.1036       100998.4446       101500.3992       101207.9283        101421.802        101244.933       101399.9714       101260.3633
           1.0125        101455.706       101262.6796       101168.2722       101352.6366       101552.9487       101313.3018       100588.2449       101568.2638       101152.6166       101467.3832       101200.1213       101436.1275       101223.7811
            1.025       101454.0555       101428.5517       101168.0138       101194.1548       101525.6108       101564.7971       100608.5132        101494.492       101189.5066       101442.4242       101214.9607       101429.9914       101227.0507
           1.0375         101338.77       101466.2741       101280.2826        101143.077       101344.8229       101651.3419       101038.2814       101319.8767       101319.4407       101335.1095       101309.5298       101343.7035       101302.5411
             1.05       101222.6443        101465.182       101443.7307        101146.397       101162.5356       101576.5271       101661.1614       101152.0174       101445.3311       101230.3317       101408.7857       101253.8865       101393.7932
           1.0625       101196.6926       101373.8655       101484.0455       101292.8493       101098.7147       101334.4838       102070.8483       101081.1229       101497.2057       101183.9308       101449.4782       101214.4173       101425.9903
            1.075       101197.4781       101229.7216       101482.0679       101464.6773       101118.0821        101093.345       102043.0715       101154.0873        101458.527       101205.1201       101432.1137       101218.7598       101424.0446
           1.0875       101302.5079       101185.7152       101360.0913       101509.0188       101301.9959       101000.5289       101611.5729       101330.9274       101330.6073       101314.9844       101340.9449       101305.7305       101346.1149
              1.1        101435.051       101185.3227       101215.3637       101501.0393       101497.3023       101064.4426       100998.8742       101500.5088       101208.4545        101422.138       101244.3734       101400.3668       101260.8191
           1.1125        101454.053       101261.8991       101167.5562        101352.684       101552.3725       101314.1393       100587.5601       101568.5966       101152.3786       101466.5311       101201.0523       101436.1835       101223.4266
            1.125       101454.0754       101429.5261       101168.4446       101193.7975       101525.9223       101564.9973       100608.9804       101494.6812       101189.2177       101443.1564       101214.9403       101429.8653       101227.2675
           1.1375        101338.743         101465.72       101280.1065       101143.8604       101344.0057       101651.1594       101037.6111       101319.8162       101320.0044       101336.1796       101308.9896       101344.1579        101301.541
             1.15       101222.7721       101465.6049       101443.2262       101145.8987       101162.9743       101575.9624       101661.3282       101152.0463       101443.9641       101230.1661       101409.8707       101252.9428       101394.6724
           1.1625       101196.4691       101374.3624       101484.5502       101293.1365       101098.4892       101333.8898       102070.7677       101081.7528       101498.0394       101184.0376       101447.9767       101215.1433       101425.4081
            1.175       101196.2708       101229.4469       101482.1249       101464.5875       101117.0929       101094.3742       102042.9876       101154.5744       101457.3737       101203.6919        101433.429       101217.6649       101424.7439
           1.1875       101304.6173       101185.1381       101359.9002       101508.9604       101303.4911       100999.8364       101612.7336       101329.2442        101331.347        101314.168       101341.8026       101306.7085       101346.1194
              1.2       101432.9634       101185.8965        101215.928       101500.1596       101495.6653       101063.6653       100997.5008       101498.8445       101209.7531       101423.2778       101244.0828       101399.3704       101260.9713
           1.2125       101455.7924       101260.6023       101167.0464       101353.8614       101554.0798       101314.1079       100589.1572       101567.7793       101154.1469       101464.7819       101203.9895       101435.9387       101223.7578
            1.225       101453.7944       101430.3796       101169.2932       101192.5697       101525.1177       101565.1639       100608.5347       101496.5081        101184.963       101445.6859       101214.9439       101430.5578       101226.5106
           1.2375       101337.5028       101466.0009       101278.3184       101145.0132       101344.9282       101651.3301       101038.8204       101322.3865       101317.8435       101336.8948       101309.4713       101343.0779       101302.2377
             1.25       101224.9783        101464.298       101446.6696       101145.6645       101162.7308       101577.5616       101661.4397       101147.3527       101445.6644       101227.7432       101409.8248       101254.2166       101394.0182
           1.2625       101194.6241       101376.7134       101480.0798        101294.624       101098.3736       101332.8369       102072.3196       101084.8073       101501.6972       101182.7728       101448.1039       101214.7904       101426.8005
            1.275       101195.8716        101226.673       101484.6231       101463.8263       101116.9447       101094.2184       102041.2164       101154.4759       101456.7181       101205.8452       101434.2585       101217.7816       101424.0057
           1.2875        101306.486       101187.0453       101360.5481       101508.5556       101304.0873       100998.9844        101612.232       101330.3721       101327.1359        101319.577        101337.547       101306.4751       101347.2143
              1.3       101429.6041       101185.8962       101213.0062       101503.0002       101495.4063       101064.0294       100997.9951       101497.9936       101211.1289       101433.6039       101247.0696       101401.4442       101260.4403
           1.3125       101459.5815        101259.507       101171.1569       101349.7845       101554.0531        101314.796       100588.6467       101571.1323        101157.203        101462.879       101208.2631        101434.163       101222.9491
            1.325       101452.5018       101432.0462       101165.2951        101194.744       101525.1679       101565.4126       100610.3952       101492.9724       101180.0756       101441.7903       101212.3993       101430.5312       101226.8016
           1.3375       101339.1358       101464.4646        101281.431       101144.9493       101343.6104       101649.5113       101038.2235       101322.2681       101323.2766       101342.1826       101304.6895       101345.0708       101300.5229
             1.35       101222.7705       101466.6301       101444.9888       101143.1501       101164.0719        101576.693       101660.0241       101148.5656       101443.1763       101227.8936       101396.9047        101252.696       101393.2418
           1.3625       101195.5143       101372.5082       101481.7436        101299.078       101099.0003       101335.2169       102070.1097       101081.8434       101497.2458       101179.0782        101453.509       101214.0786       101427.0764
            1.375       101195.8645       101232.3716       101483.5316       101458.3841        101115.892        101093.061        102041.141       101157.8104        101458.173       101205.2181        101434.444       101216.7108       101424.0413
           1.3875       101305.6811       101181.1976       101359.9128       101510.2913       101307.1708       101000.6658       101613.1958       101325.0128       101328.7319       101312.4128        101332.437       101307.6546       101346.8611
              1.4       101431.5426       101188.8718       101213.9333       101504.2269       101490.9144       101064.1946        100998.446       101501.4907       101214.8598       101424.6864       101250.8765       101405.7226       101261.4468
           1.4125       101456.7824       101258.7268       101169.6386       101345.6482       101559.2394       101314.2675       100590.6776       101564.8844       101153.4707        101466.763       101204.5667         101432.57       101221.4742
            1.425       101457.6208       101433.9555       101166.6336       101199.0966       101520.0511        101562.701       100607.9271       101497.5213       101187.9355       101440.8414       101212.9728       101432.6089       101227.7482
           1.4375       101333.0842       101461.6855       101281.3942       101143.2688       101344.6354       101655.5738       101039.4719       101324.1018       101320.7061        101342.649       101310.0297        101343.074       101296.4956
             1.45       101226.8308       101468.7471       101442.4215       101142.5904       101168.0566       101569.6734       101660.5681       101152.9764       101441.9754       101224.6622        101404.661       101248.6446        101395.578
           1.4625       101192.0401       101370.7469       101484.1383       101297.9547       101092.3059       101340.2211       102069.8024       101081.1505       101498.4115       101182.0791        101449.329       101215.4533       101427.7635
            1.475       101198.6103       101233.9347       101484.8141       101460.6908         101119.69       101089.1462       102041.8693       101157.7112       101462.9992       101204.9803       101433.5076        101218.216       101423.3516
           1.4875       101301.2908       101182.4127       101356.1334       101509.9835       101305.8501       101000.3347       101618.1565       101328.5613       101330.4249       101308.5663       101336.5074       101302.1587       101350.0275
              1.5       101436.3575       101181.0961       101217.1816       101502.3417        101490.183       101067.3361       100989.6245       101500.1928       101202.7385       101430.7053       101246.4892       101411.3712       101264.6095
           1.5125       101452.1099       101268.1471        101168.569       101347.3051       101559.3945       101308.3107       100597.4043       101567.7824       101153.0335       101466.6171       101203.4737       101427.9105       101222.5824
            1.525       101460.7292       101431.6906       101168.4372       101199.9293       101521.8005       101568.2423        100603.813       101491.9946        101194.928       101443.8346        101213.076       101431.7088        101224.563
           1.5375       101336.1352       101458.1326       101279.2268        101140.598       101342.4588       101651.7565       101039.5646       101327.4446       101313.3719       101333.8862        101314.892       101343.7807       101292.0206
             1.55        101215.856       101472.4902       101442.4556       101142.7338       101168.7293       101573.1532       101664.9055       101144.8612       101445.4075       101230.5654       101398.3184       101247.7691       101403.1152
           1.5625       101205.4684       101371.0633       101485.5697        101300.203       101091.2764       101338.5892       102065.9196       101088.7199        101494.117       101183.4255       101444.2274       101220.2844       101424.7085
            1.575       101193.1339       101233.6438       101485.2621       101459.3013       101122.3036       101091.7851        102044.098       101152.8624       101459.4746       101213.9597       101439.4084       101216.7805       101423.8457
           1.5875       101297.4112       101180.5446       101353.3638       101510.3978       101304.0604       100998.1587       101614.3256       101326.5134       101336.8266       101313.3519       101338.3788       101308.4847       101351.6933
              1.6       101440.7933       101181.6706       101218.4207       101501.0764       101489.6537        101068.272        100991.453       101510.5229       101198.4188       101422.5731       101241.2474       101409.1303       101262.1144
           1.6125       101453.1744       101271.5138        101169.951       101349.0862       101559.5031       101307.7693       100594.9656       101558.3131       101160.4342       101465.2449       101204.2923       101428.7915       101220.1232
            1.625       101456.9817       101427.0479       101167.8757       101198.9459       101524.6728       101569.6884        100606.855       101495.3201       101186.3642       101443.0963       101218.9594       101439.0292       101227.8013
           1.6375       101337.4187       101459.3307       101275.8768       101140.3709       101339.5545       101650.7191       101036.6705       101323.3508       101319.8353       101347.0216       101308.1134       101342.6488       101290.5009
             1.65        101218.109       101475.8342       101445.0109       101142.6857       101168.1555       101571.3923       101662.9863       101144.7026       101449.0281       101220.0559       101412.7508       101245.2093        101397.024
           1.6625       101203.3176        101369.048       101488.2987       101299.9067       101093.5807       101341.9173        102069.442       101085.9455       101490.3187       101186.5812       101444.4542       101215.4667       101428.8785
            1.675       101191.4639       101232.8481       101482.7906       101461.6947       101122.5078       101092.9686       102047.0232        101159.557       101460.8535       101212.1579       101438.0406       101229.4142       101421.3476
           1.6875       101301.2198       101181.1857       101352.2044       101507.7574       101301.5289       100993.0844       101610.6177        101320.963       101332.0885        101305.464       101345.2679       101296.2172       101352.1447
              1.7       101439.2388       101180.9199       101221.2116       101500.4565        101490.866       101071.3524        100993.433       101508.2009       101201.2509        101432.383       101233.7425       101400.3772       101259.8123
           1.7125       101452.2002       101272.1471         101168.32       101353.6911       101561.2962       101306.3117       100592.4839        101562.154       101162.1715       101459.2452        101206.084       101435.3055        101221.218
            1.725       101459.5022       101427.5713       101169.0164       101194.4547       101522.3184       101572.2086       100608.8423       101497.1054       101184.2027         101439.11       101224.7846       101428.4869       101230.6345
           1.7375       101336.3061       101458.4987       101274.7967       101141.4464       101342.3029       101647.9164       101035.2806       101324.1238       101319.4296       101344.2082       101305.8688       101356.1772        101299.133
             1.75        101216.747       101475.8496        101445.353       101145.8705       101163.4854       101570.9465       101663.4516       101139.1868       101458.5755       101223.1161       101421.3046       101233.7984       101395.4034
           1.7625       101204.5348       101369.2177       101490.9175       101295.6637       101097.3732       101345.7159       102067.4101        101087.755       101487.8361       101185.3475       101440.0101       101221.4656       101424.7175
            1.775       101192.2297       101234.1794       101476.7772       101464.9954       101122.9279       101089.1267       102048.5407       101159.7451       101464.3096       101215.0909       101429.7812       101231.2033       101419.2841
           1.7875        101299.374       101179.6927       101358.4101       101505.3961       101297.6692       100995.4581       101607.1089       101322.5145       101326.4826       101298.2526       101344.1045       101287.8738       101361.5498
              1.8       101438.9463       101179.3041       101219.2352       101500.8639       101494.1272       101069.3513       100994.7038       101508.9436       101196.3127       101431.3975       101230.6879       101413.2664       101252.0835
           1.8125       101454.0074       101276.8693       101166.1954       101354.5433        101560.399         101309.22       100595.9346       101562.3886       101162.3105       101461.8513       101211.5773       101429.7436       101227.4222
            1.825       101459.4665       101421.2104        101170.585       101192.5022       101521.7073       101572.0119       100606.1816        101498.022       101190.8576        101443.208        101216.801       101416.6773       101238.7171
           1.8375       101336.2589       101460.9954        101273.435       101143.1471       101342.3005       101644.8893       101034.3086       101318.4359        101316.231       101341.9428       101315.0689       101361.2568       101280.4825
             1.85       101214.6447       101476.1451       101447.1087       101145.5358       101162.7442       101572.7912       101664.3361       101141.2332       101454.0156       101220.5718       101416.2512       101238.2095       101405.9575
           1.8625       101207.5757       101369.5384        101490.503       101294.3489       101099.8466       101346.8038       102068.6135       101091.4401       101492.8607       101190.0934        101440.832       101218.2171        101417.124
            1.875       101192.4138       101234.2358       101475.0228       101466.0949       101122.2506       101087.4761       102047.9118        101157.828       101462.3825       101209.6062       101427.1494       101234.4676       101415.1691
           1.8875       101296.3332       101178.9638       101360.7256       101505.4707       101295.8535        100996.074       101603.8516       101324.4034       101326.5054       101298.9366       101347.0017       101287.1267       101360.8188
              1.9       101439.4161       101179.5022       101218.6248       101500.4268       101494.9704       101068.9236       100995.1903       101507.5888       101196.8389       101434.0226       101236.0013        101412.569       101256.5385
           1.9125       101454.6057       101278.6357       101166.2529       101353.6665       101561.8134       101309.4762       100598.8161       101566.1743       101162.9126       101462.5434        101208.653       101425.5957       101226.5883
            1.925       101460.6939       101418.8376        101169.008       101194.7144       101520.1539       101572.3158       100604.2232       101493.9039       101192.4487       101443.4154       101221.7789       101422.5978       101243.6438
           1.9375       101334.3425       101461.4151       101274.8805       101141.4837       101343.4054       101645.8934       101035.6029       101319.5458       101315.6764       101337.7869       101302.5527       101351.0769       101278.7719
             1.95       101213.9658       101476.2738        101448.615       101145.0358       101161.4149       101569.8975       101662.2723       101140.8655       101452.3168       101222.9623       101414.4595       101236.7597       101406.4037
           1.9625       101209.1068       101369.9076       101486.1903       101295.5671       101099.1509       101348.7707       102070.7264       101090.7022       101490.8894       101191.6161        101443.734       101222.6095       101420.0502
            1.975       101193.1367       101233.6408       101476.3117       101464.4575       101126.3567       101088.3648        102046.908       101157.3593       101462.1215       101208.3345       101430.9956        101227.703       101415.1787
           1.9875       101294.7563       101177.7436       101362.4705       101509.3995       101293.0632       100992.9813       101605.5931       101327.0133       101322.9488       101303.9916       101341.8234       101298.2852       101359.8149
                2        101438.909        101182.152       101217.4455       101496.7095       101492.9281       101071.8738       100994.6852       101506.5301       101198.8117       101428.3126       101235.2185       101408.4432       101248.5435
# Probe 0 (-126 0 0)
# Probe 1 (-105 0 0)
# Probe 2 (-84 0 0)
# Probe 3 (-63 0 0)
# Probe 4 (-42 0 0)
# Probe 5 (-21 0 0)
# Probe 6 (0 0 0)
# Probe 7 (21 0 0)
# Probe 8 (42 0 0)
# Probe 9 (63 0 0)
# Probe 10 (84 0 0)
# Probe 11 (105 0 0)
# Probe 12 (126 0 0)
#           Probe                 0                 1                 2                 3                 4                 5                 6                 7                 8                 9                10                11                12
#            Time
           2.0125       101455.6585       101276.5521       101167.3481       101354.1972       101565.8142       101306.8951       100594.0961       101566.1483       101166.2996       101466.7969       101211.1948       101426.6295       101228.0689
            2.025       101460.9562       101415.6615       101165.7181       101200.0891       101518.2462       101567.0703       100603.3254       101496.1692        101187.684       101442.0244       101219.1884       101424.6198       101239.9863
           2.0375       101334.5987       101463.6394       101276.0201       101139.8251       101345.7055       101649.4806       101036.7742       101319.6721       101313.8798       101338.6521       101297.9256       101347.7348       101277.6825
             2.05       101214.2371       101475.4173       101450.1405       101143.6249       101164.4974       101572.5789       101662.8975       101141.7846        101448.883       101227.7109       101413.8473        101242.217       101405.8248
           2.0625       101210.3931       101372.9501       101479.2006       101295.4042       101095.5747        101346.895        102068.388       101091.1858       101493.7266       101190.5653       101446.5275       101225.3021       101421.0557
            2.075       101192.8297       101233.0539       101480.4894       101459.8423       101127.5842        101091.118       102045.7203       101157.9204       101463.0312       101207.8133       101433.0682       101230.0617       101413.0048
           2.0875       101291.0116       101175.8837       101361.6297       101515.3993        101291.189       100990.5951       101608.4684       101325.3046       101321.1644       101305.6245       101340.9779       101287.3199       101362.6269
              2.1       101439.9902       101187.8793       101220.8139       101494.0287         101488.13       101072.8528       100992.5219       101506.7275       101197.9855       101431.2921       101232.1926       101411.5225       101245.5033
           2.1125       101455.1298       101273.1944       101168.3093       101352.0027       101571.2776       101311.0197       100598.2182       101565.5811        101170.052       101465.6753        101210.773       101428.6039       101235.4797
            2.125        101461.601       101415.8815       101160.0268       101205.3098       101518.0111       101567.5734        100604.835       101493.9959       101186.3764       101439.4555       101220.8389       101425.6514       101238.8458
           2.1375       101332.7175       101464.4556       101281.5335       101136.8336       101338.7293       101645.1306       101035.1116       101320.1274       101311.9258       101341.1603       101296.6656       101349.9691       101275.7986
             2.15       101214.6755       101473.0476       101448.5566       101140.8721       101167.8286       101575.4529       101664.0644       101140.1842       101451.2609       101230.3873        101412.534       101245.2171       101405.0058
           2.1625       101212.2044        101377.724       101476.6172       101300.0212       101097.3836       101345.9396       102068.9348       101091.6961       101494.3564       101191.2705       101446.3957       101224.4401       101419.4404
            2.175       101190.3806       101228.4648       101486.1416       101457.8847        101126.124       101086.3038         102043.84       101159.2657       101458.9396       101207.0879       101435.5652       101233.3014       101419.3629
           2.1875       101293.9557        101175.328       101357.0177       101515.1608       101293.2662       100994.3095       101609.0097       101325.0154       101322.5616       101307.6934       101335.9807        101284.986       101348.5539
              2.2       101437.5994       101191.7023        101221.323       101494.2888       101488.0044       101073.6616       100994.8389       101506.3036       101199.8509       101430.3072       101229.9255         101410.53       101246.8053
           2.2125       101455.3599       101267.8521       101171.1163       101347.0236        101570.993       101309.0384         100596.53        101565.254       101169.0092       101466.3575       101213.4951       101431.1781       101240.7613
            2.225       101463.7609       101421.2823       101154.3406       101210.7476        101520.812        101567.791       100601.8571       101494.1384       101187.9192       101439.8067       101217.5248       101424.7454       101239.0472
           2.2375       101329.4879       101462.0184        101287.763       101137.9291       101334.4862       101646.2926       101038.7637        101318.563       101310.5826       101336.7112       101298.2691       101351.6283       101268.0395
             2.25       101217.2866       101471.9894       101445.8996        101133.253       101166.0783       101576.2168        101665.571       101140.6284       101447.4622       101229.8469       101416.2713       101246.9757       101406.7246
           2.2625       101209.4157       101381.2224       101472.6719       101305.5966       101102.1984       101344.7084        102064.786       101091.8385       101496.5858       101192.7256       101445.9297       101224.2153       101421.2655
            2.275       101191.0484       101221.7835       101490.3045       101462.3646        101123.944       101086.0426       102045.0743       101158.9703       101459.2315       101207.0003       101432.8688       101232.2698        101419.107
           2.2875       101298.0992       101181.0971       101358.5647       101509.4198       101291.2005       100992.4895        101610.984       101326.0616       101323.7975       101307.8751       101336.2419       101285.2907       101348.1361
              2.3       101431.9375       101193.1349       101215.4685       101498.2421       101491.3032       101076.6764       100992.7816       101503.7948       101200.6215       101429.2508       101233.1327       101410.2101       101246.4269
           2.3125       101461.3232       101260.8586        101175.733       101346.3736       101571.7411       101310.4697       100596.8327       101565.5329       101168.7371       101466.4656       101214.3445        101430.796       101241.1962
            2.325        101460.462        101426.365       101150.2313       101204.9787       101518.1003       101563.8551       100601.5779        101497.092       101191.1142       101440.2755       101216.1193       101427.3954       101239.5324
           2.3375       101328.4498       101459.2792       101288.6637       101142.2111       101334.1979        101644.923       101040.1776       101318.1904       101306.9709        101334.156       101295.0433       101349.4534        101267.384
             2.35       101224.3314       101470.8805       101452.3425       101135.0955        101167.686       101579.9163       101663.7955       101138.2087       101447.9376       101232.6333       101417.6612       101244.7047       101407.5308
           2.3625       101202.5651       101390.9359       101470.5431       101301.5729       101102.6987       101345.2119       102064.1838       101091.4701       101498.1693       101193.3287         101446.77       101224.3288       101421.2233
            2.375        101196.474        101212.146       101488.1849       101464.7976       101123.4058       101083.9964         102046.77       101160.3938        101459.671       101204.1934       101430.8636       101234.2513       101420.3733
           2.3875       101294.3852       101185.2106       101361.1719       101510.0427       101291.2689       100992.9456       101611.1665       101326.9119       101320.9456       101303.4142       101336.8594       101287.4191       101344.8619
              2.4       101428.8171       101194.9114       101211.3846       101495.9001       101490.3092        101077.678       100991.2913       101500.9676       101200.2847       101433.7076       101237.3404       101411.7771       101247.5589
           2.4125       101471.0066       101255.6458       101175.6078       101346.3873       101571.0284       101309.7912       100598.5894       101567.1585       101168.5405       101466.7492       101211.6392        101427.757       101241.3548
            2.425       101452.5306       101433.7927       101156.6836       101207.9732       101521.0934       101564.5904       100601.3617       101497.4884       101195.1355       101439.0772       101216.5459       101427.9572       101239.3921
           2.4375       101330.4287       101460.6626        101283.453       101140.7663       101333.9488       101644.0122         101040.15       101317.1874       101300.9347       101331.1819       101300.3539       101346.4376       101266.0467
             2.45       101227.5152       101462.3417       101450.5953        101132.822       101164.9329       101582.0507       101666.3579       101135.8844       101449.8634        101234.826       101417.9977       101242.8353       101407.4091
           2.4625        101193.298       101393.0114        101474.829       101303.7229       101104.9546       101343.7123       102060.6197       101094.4407       101499.4571       101193.4094       101444.7958       101224.2664       101420.5531
            2.475       101201.5622       101214.3567       101485.6429       101466.5043       101122.1546       101082.0493       102046.8277       101160.4751        101459.314       101203.2791       101430.9879       101236.4281       101421.4748
           2.4875       101300.2585       101180.3864       101360.7869       101507.7224       101291.5922        100995.981       101612.4709        101324.802        101320.365       101301.6912       101338.2674       101286.0571       101345.5041
              2.5       101420.0683       101197.5804       101213.7485        101496.756       101491.4086       101077.7633       100990.4554       101501.4528       101204.5635       101432.9335        101237.736       101408.5473       101245.8099
           2.5125       101476.8822       101256.6573       101174.4859       101347.6236        101569.487       101309.1064       100598.8442       101568.0367       101168.0381       101466.7474       101209.1442       101428.1102       101241.0117
            2.525       101451.6608       101429.2713       101153.8304       101205.9187       101521.1394        101563.874       100601.2948        101499.151       101193.0987       101442.4205       101217.9993       101429.6044       101239.7983
           2.5375       101325.0482       101462.4028       101285.7083       101140.1533       101333.0613        101644.545       101039.9223       101318.1769       101302.2989        101326.274       101302.8725       101347.0398       101264.3585
             2.55       101234.2737       101466.3875       101452.3701       101134.6766       101165.7564       101582.2783       101665.4872       101137.7736       101451.4164       101233.4664       101417.7697       101238.4409         101406.23
           2.5625       101191.8866       101388.6928       101473.2054       101303.2527       101106.5519       101342.7501       102061.7105        101088.702       101500.3939       101192.8338       101444.5561       101224.4851       101423.5865
            2.575        101197.631        101214.213       101484.8995        101464.142       101121.9309       101082.4461       102047.3852       101162.8818       101460.4211       101203.8282        101430.282        101237.999       101421.5709
           2.5875       101303.4016       101183.4826       101361.9009       101508.8536       101289.8267       100996.3937         101614.19       101326.0524       101319.3168        101302.061       101340.3908       101283.4344       101348.7237
              2.6       101421.2171       101195.1206       101212.6613       101496.8379       101492.1922       101076.3953        100989.344       101499.6552       101198.5876       101439.6298       101235.8409       101408.0028       101245.9008
           2.6125       101474.5905       101258.2149       101175.4599        101346.766       101569.9042       101309.6697       100596.3554       101568.9109       101168.6903       101468.6218       101209.4686       101430.8609       101239.7354
            2.625       101454.0403       101430.6397       101154.6058       101208.0849       101521.6506       101564.7552       100604.5207       101499.7803       101197.3338       101436.0807       101217.8883       101428.5336       101241.0216
           2.6375       101324.4607       101461.0102       101284.4233       101140.1914       101333.0491       101644.3855       101037.5908        101316.825       101300.2571       101330.3414        101304.389       101350.8107       101265.1491
             2.65       101231.8641       101465.1709       101452.0951       101133.2918       101165.0667        101582.526        101665.542       101138.8545       101449.8807       101236.8751       101418.1476       101236.3827        101402.453
           2.6625       101192.8619       101388.7873       101473.4842       101303.2327       101106.3454       101342.7028       102064.3126        101091.139       101500.7375       101193.0632       101440.8418       101224.3893       101426.6534
            2.675       101199.7471       101216.5837       101485.1497       101465.1224       101122.7746       101082.5093       102044.9618       101160.4792        101458.495       101200.8266        101432.211       101241.4342       101419.0842
           2.6875       101301.5241       101181.8365       101363.3025       101509.2178       101289.1177       100996.5179       101614.9076       101325.0825       101322.1316        101304.219       101341.3698       101280.8401       101345.7773
              2.7       101420.4854        101194.336       101211.5739       101496.4078       101493.3434       101075.9899       100990.1073       101500.4843       101198.1874       101441.0573       101235.3958       101405.0741       101249.3127
           2.7125       101475.7096       101258.4302       101174.9265       101346.6005       101569.4058       101309.9098       100595.2822       101567.4227       101167.3528       101466.3993       101206.7564       101434.1283       101239.9218
            2.725       101453.3203       101430.1379       101155.0823       101208.0903       101520.7866       101563.8615       100606.2208       101500.9839        101195.299       101436.4824       101221.2121       101427.0991       101239.3653
           2.7375        101324.867       101461.8174       101284.6781       101139.6523       101333.9255       101644.6296       101036.2623       101316.5053        101304.069       101327.2214       101302.7451       101347.3139       101268.1077
             2.75       101233.0483       101465.4732       101452.6129       101133.8476       101164.1251       101582.3577       101665.8768       101138.5185        101450.898       101235.6287       101416.3084       101238.6708       101401.8525
           2.7625       101191.8655       101388.7641       101473.5883        101303.068       101107.1425       101343.1994       102063.9283       101092.1385       101500.3553       101193.8326       101443.8955       101224.2602       101427.7908
            2.775         101198.67       101215.6834       101484.4784       101464.4355       101122.7948       101083.3529        102046.405       101160.2253       101458.4323       101200.9301       101430.0824       101239.0876       101419.6522
           2.7875       101302.1023       101181.6457       101362.8508        101510.012       101287.9196       100996.1412       101614.1087       101325.0412       101321.5174       101304.0552       101342.5318       101285.0096       101343.4743
              2.8       101421.8391       101195.2983       101211.8957       101495.8656       101493.7644       101075.2671       100989.6633        101499.639       101198.8746       101439.1731        101234.628       101404.7178       101249.2369
           2.8125       101474.6616       101259.1239       101175.5136       101346.7616       101570.2461       101310.3847       100595.5504       101567.8039       101166.2443       101465.6427       101208.4221       101433.6007       101240.7432
            2.825       101453.3723       101429.2058       101154.8307       101209.1314       101520.5585       101563.9252        100605.647       101501.3061       101195.9957       101438.2148       101220.1371       101427.3767       101238.7712
           2.8375       101324.8898       101462.5978       101284.6883       101138.6584       101333.6562        101645.462       101036.1631       101316.0335       101303.6754       101329.1447       101302.0339       101346.3047       101269.1242
             2.85       101232.1214       101464.6904       101452.3516       101134.5474       101164.6061        101581.747       101666.6991       101139.3311       101450.5042       101232.6849       101415.9695       101239.8666       101406.4634
           2.8625       101192.8221       101389.0248       101473.6653       101301.9179       101106.3824       101342.0169       102063.9944       101092.5899       101501.0785        101194.693       101444.8132       101224.5992       101424.4587
            2.875       101198.8263       101215.6822       101484.5825       101465.5362       101123.3624       101083.5277       102046.1635       101158.0394       101457.3183       101200.1594       101429.5449       101238.2121       101421.2547
           2.8875       101302.4079       101181.3895       101363.3206       101510.4992       101288.9298       100997.1226       101614.1147       101325.0412       101323.3271       101302.9569       101341.4425       101286.0831       101341.1995
              2.9       101421.4363       101195.5679       101211.3023        101494.924       101493.1816       101074.4025        100989.202       101500.7839       101200.3472       101438.8806       101236.2095       101407.0106       101247.5232
           2.9125       101474.1991       101258.5734       101175.4506        101346.538       101570.0424       101310.2939       100597.2358       101569.3452       101165.7349       101465.2396       101208.9335       101433.1717       101242.6751
            2.925       101454.0772       101429.1153       101154.7397       101209.7441       101521.1153       101563.9148       100605.2804       101500.1015       101195.9059       101437.8388       101219.2867       101427.3055       101238.3076
           2.9375       101324.6393       101463.1109       101285.5502       101138.0062       101333.2996        101645.679       101036.5757       101316.8513       101305.8851       101329.7425       101299.2431       101345.6947       101269.0484
             2.95       101232.0402       101464.7928       101451.8121       101135.5937       101164.2388        101581.369       101664.8145       101138.9455       101449.7389       101232.2171       101416.5986       101242.6786       101404.3071
           2.9625       101192.9869        101389.232       101473.2859       101301.5619       101106.4142       101342.2053       102063.9713       101091.1636       101500.9025        101193.606        101443.332        101223.735       101426.1833
            2.975       101198.5638       101215.0532       101484.7127       101465.0365       101123.2373       101084.3685       102047.9615       101158.7245       101458.2502       101201.6245       101431.2564       101237.6356       101421.0266
           2.9875       101302.2378       101181.3319       101363.3022       101510.9507       101288.6119       100997.0124       101613.3757       101326.8731       101321.1682       101302.7048       101338.1509       101286.7358       101342.4504
                3       101421.6606       101196.4645       101211.6409       101495.5999       101493.6828       101074.7428       100988.8266        101499.774       101199.5326       101439.4581       101235.5896       101408.1907       101246.6638
