# Probe 0 (-126 0 0)
# Probe 1 (-105 0 0)
# Probe 2 (-84 0 0)
# Probe 3 (-63 0 0)
# Probe 4 (-42 0 0)
# Probe 5 (-21 0 0)
# Probe 6 (0 0 0)
# Probe 7 (21 0 0)
# Probe 8 (42 0 0)
# Probe 9 (63 0 0)
# Probe 10 (84 0 0)
# Probe 11 (105 0 0)
# Probe 12 (126 0 0)
#           Probe                 0                 1                 2                 3                 4                 5                 6                 7                 8                 9                10                11                12
#            Time
             0.01            101325            101325            101325            101325            101325            101325            101325            101325            101325            101325            101325            101325            101325
             0.02            101325            101325            101325            101325            101325            101325            101325            101325            101325            101325            101325            101325            101325
             0.03            101325            101325            101325            101325            101325            101325            101325            101325            101325            101325            101325            101325            101325
             0.04            101325            101325            101325            101325            101325            101325            101325            101325            101325            101325            101325            101325            101325
             0.05            101325            101325            101325            101325            101325            101325            101325            101325            101325            101325            101325            101325            101325
             0.06            101325            101325            101325            101325            101325            101325            101325            101325            101325            101325            101325            101325            101325
             0.07            101325            101325            101325            101325            101325            101325            101325            101325            101325            101325            101325            101325            101325
             0.08            101325            101325            101325            101325            101325            101325            101325            101325            101325            101325            101325            101325            101325
             0.09            101325            101325            101325            101325            101325            101325            101325            101325            101325            101325            101325            101325            101325
              0.1            101325            101325            101325            101325            101325            101325            101325            101325            101325            101325            101325            101325            101325
             0.11            101325            101325            101325            101325            101325            101325       100998.6306            101325            101325            101325            101325            101325            101325
             0.12            101325            101325            101325            101325            101325            101325        100697.289            101325            101325            101325            101325            101325            101325
             0.13            101325            101325            101325            101325            101325            101325       100813.7298       101324.9997            101325            101325            101325            101325            101325
             0.14            101325            101325            101325            101325            101325       101324.9999       101207.8891       101323.7797            101325            101325            101325            101325            101325
             0.15            101325            101325            101325            101325            101325       101324.9787       101704.0955       101265.1941            101325            101325            101325            101325            101325
             0.16            101325            101325            101325            101325            101325       101321.5347       102071.8991       101151.2743            101325            101325            101325            101325            101325
             0.17            101325            101325            101325            101325            101325       101271.5362       102137.2822       101146.3548            101325            101325            101325            101325            101325
             0.18            101325            101325            101325            101325            101325       101145.8962       101922.6475       101241.8182            101325            101325            101325            101325            101325
             0.19            101325            101325            101325            101325            101325       101075.0803       101505.2883       101389.1425       101324.9999            101325            101325            101325            101325
              0.2            101325            101325            101325            101325            101325        101108.914       101021.4904       101511.0753       101290.0455            101325            101325            101325            101325
             0.21            101325            101325            101325            101325            101325       101283.2137       100624.9079       101578.2688        101198.481            101325            101325            101325            101325
             0.22            101325            101325            101325            101325            101325       101491.3505       100551.4666       101549.0283       101192.0986            101325            101325            101325            101325
             0.23            101325            101325            101325            101325            101325        101639.571       100752.2653        101436.363       101251.0069            101325            101325            101325            101325
             0.24            101325            101325            101325            101325       101322.7751       101657.7115       101148.6404       101284.5286       101358.7856            101325            101325            101325            101325
             0.25            101325            101325            101325            101325       101248.4807       101585.5944       101662.2502       101160.0556       101451.4981       101308.7577            101325            101325            101325
             0.26            101325            101325            101325            101325       101164.7896       101393.2577       102049.6391       101089.7808       101504.5068       101221.6406            101325            101325            101325
             0.27            101325            101325            101325            101325       101153.6828       101188.8316        102110.234       101111.0094       101492.3446       101214.4072            101325            101325            101325
             0.28            101325            101325            101325            101325       101194.3008       101037.5155       101909.8725       101220.8346        101415.571       101252.5049            101325            101325            101325
             0.29            101325            101325            101325            101325       101360.0329       101008.8883       101508.9641       101375.0737       101306.9512       101345.5823            101325            101325            101325
              0.3            101325            101325            101325            101325       101505.5338        101070.929       101007.1703       101502.4798       101213.9175       101426.9859       101318.6163            101325            101325
             0.31            101325            101325            101325       101324.9999        101558.933       101260.9559       100618.2313       101567.2243       101156.5849       101470.4199       101236.3203            101325            101325
             0.32            101325            101325            101325       101313.7323       101552.7651       101476.7932       100548.2676       101539.9453       101165.6203       101465.4331       101228.3563            101325            101325
             0.33            101325            101325            101325       101223.8719       101466.6813       101627.0655       100750.0746       101434.3086       101239.8312       101406.0797       101249.8652            101325            101325
             0.34            101325            101325            101325        101187.603       101311.6652       101648.5588       101149.5524       101282.3704        101349.205       101316.7458       101337.1597            101325            101325
             0.35            101325            101325            101325       101188.0353       101169.5792        101577.649       101660.6094       101153.4885       101445.8068       101236.7477       101412.9044       101322.4706            101325
             0.36            101325            101325            101325        101259.478       101106.7858       101389.6662       102044.7498       101084.3446       101497.7679       101188.2467       101450.1039       101247.2828            101325
             0.37            101325            101325            101325       101417.5369        101109.051       101184.5823       102108.7486       101113.1489       101486.4808       101191.3572       101448.1055       101238.1815            101325
             0.38            101325            101325            101325       101500.8573       101178.9508       101034.2492       101903.5111       101221.3544       101414.2418       101247.2797       101402.3519       101248.1564            101325
             0.39            101325            101325       101324.9544       101514.8972       101347.0251       101005.6718       101506.9928       101370.0207       101305.5472       101337.8269       101323.4067       101330.8716            101325
              0.4            101325            101325       101284.4196       101503.5275       101495.6999       101068.7554        101000.657       101504.5873       101210.4344       101422.1225       101249.6194       101403.1075       101324.0443
             0.41            101325            101325       101218.4529       101392.0207       101551.6796       101259.3628       100619.8213       101564.4103       101153.2723        101465.186       101207.3493       101436.2671       101256.0213
             0.42            101325            101325       101205.5783       101255.4292       101546.1996       101474.8175       100548.0485       101539.0477       101164.3377       101460.5441       101207.8718       101435.9113       101245.5493
             0.43            101325            101325       101209.9011       101166.7663       101462.8506       101625.3011       100748.1938       101432.5446       101237.5597       101405.3209       101249.3008       101402.9431       101249.4857
             0.44            101325            101325       101328.5036        101146.537       101308.8608       101646.2692       101148.7869       101279.3475       101348.2735       101315.1521       101330.1954        101328.583       101325.6767
             0.45            101325            101325       101448.0597       101152.1899       101166.9515       101575.6503       101660.4443        101153.932       101443.5734       101234.0095        101408.747       101258.4384       101395.8022
             0.46            101325            101325       101485.5355       101254.1309       101104.3869       101388.0441       102043.6979       101083.9208       101499.5208       101185.8005       101445.6046       101220.4315       101426.0841
             0.47            101325       101321.9365       101487.7231       101408.1683       101106.7892       101182.1028       102106.8672       101113.0646       101483.6487       101189.7537       101443.8013        101219.469        101426.716
             0.48            101325        101257.263       101460.9464       101494.0381       101177.9803       101033.8251       101903.8724       101219.1847       101412.8665       101245.6119       101402.5006       101247.1246       101405.6663
             0.49            101325       101222.5884       101328.8866         101509.14       101345.5536       101006.3225       101505.4058       101370.3293       101305.0698       101337.6093       101321.9327        101324.483       101332.5414
              0.5            101325       101218.9413       101221.8215       101498.8071        101494.466       101067.5899       101001.1995       101499.9721       101210.5727       101420.0384         101247.15       101399.4867       101265.0123
             0.51            101325       101241.0018       101176.9042       101389.6782       101550.0312        101258.544       100618.6939       101568.2177       101153.3428       101466.5223       101205.3463       101432.2537       101230.0703
             0.52            101325       101385.1694        101171.429        101253.164       101544.5641       101474.7881       100547.1155       101533.8642       101165.8056       101460.3104       101206.4114       101432.0441       101228.2215
             0.53            101325       101455.6088       101184.7901       101164.7154        101461.659       101624.7742       100747.9968       101432.2876       101235.1695       101404.2485       101248.5394       101403.9406       101243.6991
             0.54       101324.7217       101470.3399       101325.1413       101144.6434       101307.0832       101645.3815         101148.11       101282.6243       101347.0233       101315.2611       101330.0079       101327.2515       101320.2516
             0.55       101280.7334       101469.0639       101441.0535       101150.5416       101165.8358       101575.4869       101659.4872       101153.5097       101443.1712       101234.0322       101407.1738       101256.1416       101392.5277
             0.56       101236.2515       101407.5788       101480.1861       101253.1992        101104.609       101387.4821       102043.3775       101084.2653       101499.0984       101185.1709       101446.6185       101218.6918       101422.4338
             0.57        101228.305       101278.8696       101482.9362       101407.1848       101107.0306       101181.9047       102106.9679       101114.1748       101483.1034       101190.2092        101444.365       101218.1608       101423.1624
             0.58        101232.103       101209.1857       101458.1838       101492.7895       101176.6927       101033.5851       101903.4316        101217.419       101412.6575       101244.0833        101399.462       101247.0826       101406.6269
             0.59       101346.5663       101189.2264       101326.9847       101507.7944       101345.3423       101005.3721       101505.2561       101370.2303       101306.1882       101336.8071       101322.2156       101324.0442       101331.3423
              0.6       101434.5518       101188.7951       101219.8971       101497.6119       101494.2569       101067.0674       101001.1678       101499.6476        101211.748       101419.5852       101247.1733       101398.3111       101262.8675
             0.61       101456.3081       101232.1687       101175.2661       101388.4242       101549.4657        101258.252       100618.8622       101567.0704       101149.2993       101466.3911       101204.9345       101433.0863       101228.5203
             0.62       101457.7295       101380.9779       101169.8625       101251.8072       101544.0407       101474.2072       100547.0354       101534.4897        101167.943       101459.7445       101206.4618       101432.5831       101227.0312
             0.63       101436.0192       101450.2341       101183.3916       101164.5138       101461.5007       101624.3476       100748.1541       101432.2945       101235.5061       101404.6154       101248.1445       101398.5042       101243.6711
             0.64       101308.2503       101465.8892       101324.5829       101144.8071       101306.7953       101645.4436       101148.1966       101281.9504       101348.4255       101314.8917       101329.3415       101327.8642       101319.6012
             0.65       101229.8559       101464.8479       101440.0784       101150.5378       101165.7949       101575.3236       101659.1926       101153.4251        101443.494       101233.9874       101406.5679       101256.0304       101391.6193
             0.66       101203.3376        101406.094       101479.0079       101252.2873       101104.0494       101387.2055       102042.7937       101083.9494       101497.2022       101184.2072       101446.4885        101218.396       101423.1565
             0.67       101199.9485       101277.1602       101481.7707       101407.0461       101106.3486        101181.881       102106.4762       101115.3944       101481.4408       101190.3722        101444.064       101218.2085       101423.7122
             0.68        101210.692       101207.7007       101457.3197       101492.4543       101176.4477       101033.6606       101903.1872       101216.7915       101414.6024       101243.3969       101399.6751       101247.8079       101400.7047
             0.69       101345.5236       101187.6508       101325.6983       101507.3666       101344.9652       101005.3832       101504.8291       101370.4076       101305.7569       101336.6029       101321.8188       101323.3433       101332.2316
              0.7       101429.8847       101187.3267       101219.1562       101497.2466       101493.8152       101067.0656       101000.7651       101499.7638       101210.4523       101419.4141       101247.4617       101397.8699       101262.6585
             0.71       101452.1235       101231.5915       101175.3587       101388.2731       101549.3914       101258.4085       100618.5208       101567.2892       101151.8076       101466.7035       101204.2721       101432.9212       101228.2965
             0.72       101453.7992       101380.3161       101169.9692       101251.8233       101544.0192       101474.0795       100547.1086       101533.8612       101167.5482       101459.3306       101206.1181       101432.3211       101227.0788
             0.73       101433.7148       101449.2349       101183.0485       101164.1725        101461.251       101624.0338       100747.8644       101432.7597       101235.3863       101404.7125       101247.8906       101398.5444       101244.5674
             0.74       101306.9916       101464.8186        101324.013       101144.2799       101306.6897       101644.9556        101148.271       101281.4775       101347.8235       101314.5978        101329.304       101327.4947       101318.8273
             0.75       101228.3878       101463.8539       101439.9307       101150.0733       101165.8434       101575.0152       101659.3053       101152.9253       101442.1792       101233.9096       101405.9448       101256.1547       101391.3081
             0.76       101201.9279       101405.2096       101478.6548         101252.09       101104.0526       101386.9769       102042.9007       101083.6118        101500.006       101184.3006       101446.9947       101217.9163       101422.9725
             0.77       101198.5495       101276.1142       101481.3849       101406.5822       101106.3693       101181.5766       102106.6241       101114.8948       101482.8781        101191.008       101444.2988       101217.9171       101423.4663
             0.78       101209.7128       101207.4723       101457.0742       101492.2623       101176.5644       101033.3469       101903.3276       101216.4654       101412.2361       101242.8423       101399.8473        101248.119        101400.731
             0.79       101345.1396       101187.7994       101325.7591         101507.33       101345.0104       101005.2787       101504.7208        101370.181        101303.962       101336.4009       101321.5996       101323.4181       101331.9817
              0.8       101428.9355       101187.4089       101219.0646       101497.2314       101493.6296        101067.042         101000.85       101499.6113        101208.255        101419.515       101247.5835       101397.2923       101262.6689
             0.81       101451.2023       101230.7066       101174.9546        101388.045       101549.0276       101258.3123       100618.3913       101567.4991       101153.7443       101466.3089       101203.9408       101433.2939        101227.923
             0.82       101452.9066       101380.1258       101169.5136        101251.824       101543.6894       101474.1722       100546.7645       101534.0495       101167.4737       101459.1359        101206.025       101432.5842       101226.8137
             0.83       101432.8656       101448.9592       101182.7756       101164.2086       101461.0847       101624.1042       100747.5374       101432.7497       101234.8054       101404.0624       101247.4214        101397.939       101244.9632
             0.84       101305.9485       101464.4597        101323.577       101144.3008       101306.4557       101645.0504       101148.0339       101281.7325        101346.854       101315.2029       101329.2187       101327.2046       101318.8345
             0.85       101228.1108       101463.5403       101439.6203       101150.1017       101165.5086       101575.1648       101659.0484       101153.0699        101443.332       101233.6473       101405.8946       101256.2832       101390.8858
             0.86       101201.9675       101405.2609        101478.642       101252.2044       101103.9521       101386.9456       102042.7061       101083.5553        101496.815       101185.5588       101447.0235       101217.8007       101423.1545
             0.87       101198.6012       101276.1536       101481.3547       101406.5672       101106.2734        101181.662       102106.5245       101114.7437       101482.3241       101191.3986       101444.3471       101217.8502       101423.8291
             0.88       101209.4454       101207.1937       101456.8887       101492.0269       101176.4314       101033.2983       101903.3621        101216.574       101413.3311       101242.9901       101400.0803        101248.191       101399.6367
             0.89       101344.6936       101187.4208       101325.7238       101507.0398       101345.1075       101005.0918       101504.8909       101369.9133         101304.11       101336.2687       101321.7509       101323.6372       101331.7961
              0.9       101428.6968       101187.0579       101219.1415       101496.7988       101493.6852       101066.8827       101000.8912       101499.2856       101209.1325        101420.039       101247.1069       101396.8887       101263.1064
             0.91       101450.9143       101230.3222       101174.9004       101387.9513       101549.1593       101258.0582       100618.4984         101567.39       101154.4417       101465.2053       101203.9073       101433.3087       101227.5389
             0.92       101452.6144       101379.8216       101169.6081       101251.7007       101543.9962       101473.8663        100546.985       101533.6771       101166.1292       101458.9578       101205.8404       101432.6474       101226.7081
             0.93       101432.8299       101448.8761       101182.5734       101163.8527       101460.9743       101623.9727       100747.5457       101432.4491       101235.8344       101403.5271       101247.0255       101397.6772       101245.2969
             0.94       101306.0102        101464.352       101323.8337        101144.682       101306.4052        101644.951       101147.9105       101281.7608       101347.0151        101315.072       101329.0081       101327.1835       101318.7786
             0.95       101227.9156       101463.5768       101439.7278       101149.9645       101165.6537       101574.9773       101659.1187       101153.0324       101444.1151       101233.4377       101406.4615        101256.541       101390.3099
             0.96       101201.6532       101405.1186       101478.1002        101251.877       101103.6659       101387.0648       102042.5644       101083.7024        101496.232        101185.805       101446.4019       101217.6906        101423.266
             0.97        101198.237       101275.7557       101481.8233        101406.798       101105.8458       101181.7355       102106.2122       101114.9539       101482.7862       101190.9729       101444.7319       101217.5436       101423.7499
             0.98       101209.0048       101207.8145       101456.4051       101492.0245       101176.4613       101033.3627       101903.2696       101216.6276       101412.8054       101244.6233       101399.8889       101248.1091       101399.3299
             0.99         101344.55       101186.9949       101324.8994       101506.6907       101344.9405       101005.2846       101504.7599       101370.0842       101303.9494       101336.9633       101321.7991       101323.4274       101331.7724
                1       101428.1786       101187.6947       101219.4008       101497.1171       101493.3826       101066.9533       101000.5495       101499.4767       101208.7982       101420.2222       101246.6783       101397.0632        101263.276
             1.01       101450.8431       101231.0126       101174.5142       101388.2892       101549.1088       101258.0005        100618.427       101567.1778       101154.0486       101463.8517        101204.089       101433.1903       101227.5624
             1.02       101453.1273       101378.5459         101168.88       101251.3871       101543.9297       101473.8628       100546.9414       101533.8066       101166.4568       101459.4966        101205.715       101432.9707       101226.7628
             1.03       101432.2077       101449.1412       101183.1475       101163.9886        101461.005       101624.0038       100747.6227        101432.541       101235.6768       101402.9473       101246.9494       101397.8066       101245.2548
             1.04       101307.2799       101464.1528       101324.2835       101144.5182       101306.4277       101644.7274        101148.011       101281.3809       101347.5172       101313.6184        101328.751       101327.0891       101318.7837
             1.05       101227.5775       101462.4499       101439.0059       101149.7365       101165.6718       101574.7757       101659.1721       101152.8377        101444.063        101231.619       101406.7588       101256.5298       101390.1678
             1.06       101200.4235       101404.7474       101478.6765       101251.6588       101103.8726       101386.9884       102042.7413       101083.5723       101496.4533        101186.206       101446.2459       101217.5788       101423.2394
             1.07       101199.2608       101277.2646       101481.9525       101406.5899       101105.9176       101181.5392       102106.3703       101114.8818       101483.2181        101190.936       101444.9787       101217.0872       101423.7666
             1.08       101208.4055       101206.4006       101456.2009       101491.9649       101176.5242       101033.1553       101903.2309       101216.3197       101412.5743       101243.1053       101399.4179       101248.6234       101399.1633
             1.09       101343.2987       101187.3899         101325.12       101506.6646       101344.8634       101005.2833       101504.6603       101370.0173       101303.4118       101337.5158       101322.1726       101323.1593       101331.6549
              1.1       101429.5593       101187.7676       101219.3185        101497.001       101493.5382       101067.0263       101000.6925       101499.4519       101209.0374       101420.5455       101246.3187       101397.2537       101263.6044
             1.11        101450.318       101230.2559       101173.9484       101388.4002        101549.047       101258.0256       100618.3578        101567.517        101154.239       101464.9742        101204.862       101433.2101       101227.3271
             1.12       101453.1475       101379.1316       101169.3109       101251.0687       101543.7454       101473.9584       100546.8136       101533.9723       101165.9329       101459.1324       101204.9317       101433.1668       101226.6047
             1.13       101431.7128       101448.8716       101182.6329       101164.1046       101460.8399       101624.2579        100747.433       101432.3741       101235.7669       101403.5062        101246.848       101397.5988       101245.8672
             1.14       101307.2129       101464.5269       101324.1677       101144.8717       101305.9789       101644.6117       101147.9632       101281.4472       101347.5435        101314.353       101328.8629        101327.306       101318.3921
             1.15       101227.8118       101462.7136       101439.2037        101149.639       101165.7216       101575.1964       101658.9183       101153.0361        101443.338       101231.4387       101407.4243       101255.8518       101390.4699
             1.16       101200.4231       101404.4887       101478.4809       101251.6834       101103.6391       101386.5844       102043.0138       101083.4764        101496.657       101187.0502       101445.8123       101218.0796       101422.9865
             1.17       101198.2602       101278.3029       101482.0728       101407.4506       101106.1142       101181.2956       102106.2349       101114.8239       101483.0079       101191.4251       101445.0482        101216.825       101424.0267
             1.18       101209.0549       101204.7688       101455.5526       101491.0442       101176.4782       101033.5973       101903.4495       101216.5831       101412.5592       101243.0935       101399.2165       101248.5113       101398.7619
             1.19       101344.3065       101188.4573       101325.9673       101506.9204       101345.3586       101005.1219       101504.1334       101370.1082       101303.6786       101336.5031       101322.2651       101323.3597       101331.6067
              1.2       101427.5642       101187.4612       101218.9054       101496.8989       101493.4255       101066.3232       101000.7799       101499.3594       101209.2837       101421.7135       101246.9847       101397.4265       101263.5743
             1.21       101451.8567       101230.1541       101173.5759       101387.7787       101548.7185       101258.8988       100618.1859       101566.8981        101154.485       101463.5792       101205.1917       101432.5243       101227.6372
             1.22       101453.8907       101378.0492       101171.1171       101251.8813        101544.394       101473.5236       100547.3014       101534.3657       101165.8638       101457.6838       101204.6509       101433.7857       101226.0391
             1.23       101430.2619       101450.3108       101181.7137       101163.0023       101460.4768       101624.0293       100747.0758       101430.8309       101236.5049       101403.4156       101247.0564       101396.9788       101246.6438
             1.24       101307.1133       101463.9761       101324.6779       101145.4705       101305.7878       101644.8154       101148.5063       101282.4632       101347.1418       101314.5099       101328.6186       101327.4911       101318.1457
             1.25       101229.4982       101461.2614       101440.2687       101150.0024       101166.3497       101574.7743       101659.3783       101152.3653       101443.0337       101232.0238       101407.7017       101255.9329       101390.2901
             1.26       101199.0632       101406.9479       101477.1638       101250.9451       101103.0822       101386.1072       102042.1338       101083.8461       101496.9609        101186.527       101445.1308       101218.1823       101423.3018
             1.27       101196.5947       101277.2088       101481.3708       101408.7058       101106.4214       101182.7023       102106.1255       101114.9547       101481.6171       101191.9071       101443.6845       101216.4071       101424.1098
             1.28       101211.6847       101204.0597       101457.1373       101489.8957       101175.4267       101032.3066       101903.7281       101216.7511       101413.4196       101243.2591       101400.3783       101248.8286       101397.9857
             1.29       101343.3165       101189.0631       101325.6538       101507.0398       101346.5796        101006.141       101503.5717       101370.3586       101303.2858       101336.0887       101322.8909       101322.9963       101331.9945
              1.3       101426.3359       101188.9148       101216.5505       101498.3839       101492.6198       101066.8807       101000.6853       101499.1705       101208.7388       101423.6481       101244.5412       101397.3054       101263.6757
             1.31       101452.8712       101228.2012       101176.3477        101386.867       101547.7809       101257.7637       100618.3202       101567.1002       101155.0542       101462.2889       101207.7805       101432.1862       101227.2703
             1.32       101453.8737       101379.0577       101169.8177       101250.4626        101546.481       101474.6639       100547.0938        101533.858       101166.2417       101459.0028       101204.8277        101434.851       101225.8375
             1.33       101430.0583       101450.6738       101181.4532       101165.2168       101458.4079       101622.7593       100746.9527       101432.3157       101236.2374       101403.2463        101246.048       101396.6591       101247.4072
             1.34       101307.7016        101463.961        101325.381       101145.2475        101306.806       101646.1349       101149.3945       101280.8318       101347.1907       101314.4424       101332.0509       101327.6996        101317.947
             1.35       101227.3415       101460.7642       101441.3921       101147.6531       101167.2668       101573.6754       101658.8375       101153.7958       101444.4798       101232.5224       101404.3793       101256.2688       101390.2789
             1.36       101202.0259        101404.864       101476.6347       101254.2633         101103.14        101385.359       102042.0701       101082.5513       101495.2249        101185.903       101449.6571       101218.5402       101423.1638
             1.37       101194.9722       101279.9839       101479.8309       101407.4124       101104.5328       101184.9101       102107.5592       101115.4447       101483.9888        101191.335       101444.4311       101215.1479       101424.5544
             1.38       101211.7048       101203.8048       101459.1474       101487.5855       101178.0756       101029.8003       101901.7038       101216.4554       101410.9261       101242.9505       101400.5993       101250.3387       101397.3592
             1.39       101345.6935       101185.8992       101325.2291       101509.0163       101346.5667       101006.7737       101506.2126       101369.9302       101304.6164       101337.3543       101320.8873       101321.0667       101331.6989
              1.4       101422.6574       101191.1153       101214.7757       101498.9268       101489.2675       101068.0049       100999.4386       101499.9917       101208.5194       101420.1926       101244.6699       101399.0674       101264.2953
             1.41       101453.7943       101228.2341       101177.2862       101385.1459        101551.567       101257.2576        100617.707       101566.1269       101154.3617       101464.6423       101206.7883       101431.4078       101226.8476
             1.42       101457.6796       101377.9886       101170.5573       101250.1854       101545.1624       101472.6436       100549.3886        101535.555        101166.087       101458.3734       101205.6996       101435.5603       101225.8216
             1.43       101426.3216       101454.0287       101180.5849       101168.4624       101456.2968       101625.3461       100743.9355       101429.4692       101235.5191       101404.2542       101243.6186       101395.8728       101248.3334
             1.44       101306.4721       101460.4293       101324.9676       101143.1792       101308.3483       101647.3051       101150.2125       101283.6275       101348.0227       101313.7062       101330.2818       101330.0859       101317.1592
             1.45       101230.7157       101461.6785       101441.2816       101146.3809       101168.6561       101570.0056       101660.1092       101152.3457       101441.9581        101233.067        101407.236       101253.6773       101390.6171
             1.46        101197.598       101406.6929       101475.0833       101254.5714       101100.5404         101388.89       102041.0548       101082.1244       101497.5798       101185.9354       101444.7493       101219.9275       101422.6399
             1.47       101197.8891       101276.3817       101482.9042       101408.9655       101104.0506       101184.4108        102104.979       101117.7931       101483.0323       101191.3476       101443.2305        101214.011       101424.5403
             1.48       101212.2477       101207.4359         101458.07       101487.2547        101180.938       101027.9334       101904.9413       101213.0066       101411.0898       101243.7086       101400.2294       101250.3742       101397.5962
             1.49       101341.2277        101185.979       101322.4229       101507.6357       101343.9338       101008.2114       101505.3208       101371.3336       101305.5313       101335.4508       101322.4333       101321.1095       101331.5725
              1.5       101427.5128       101185.1563       101217.1166       101499.3957       101490.4304       101069.2719       100996.2179       101500.3056       101208.0103       101422.8647       101244.6673       101398.5056       101264.1353
             1.51       101450.9679       101232.9753       101178.3721       101384.8183       101551.2617        101254.654         100622.79       101566.6239       101154.2032       101463.1003       101205.8747         101431.24        101227.565
             1.52       101457.1443       101381.2736       101169.5856       101250.2642       101545.1808       101471.9364       100549.4921       101532.7234       101168.5059       101457.9441        101208.249        101435.254       101225.3648
             1.53        101431.942       101447.7087         101179.99       101169.0649       101457.9749       101629.3612       100740.6858       101432.1306       101232.9128       101403.0178       101245.1057       101396.0371       101247.5661
             1.54       101301.4225        101459.863       101324.9197       101141.8285       101306.9719       101642.6139       101152.4162       101283.9005       101346.5926       101316.1741        101329.829       101330.0752       101318.7447
             1.55       101227.8578       101466.4799       101441.7389       101146.0546       101168.4551       101571.2597       101662.7189       101148.9028       101447.1966        101230.643       101407.7045       101253.4745       101389.2896
             1.56       101204.7058       101406.1197       101475.5298        101255.986       101099.6123       101389.5668        102037.618       101086.0818       101494.6434       101186.3862       101444.3037       101219.4184       101422.9328
             1.57       101197.6616       101273.4582       101482.0395       101409.2806        101106.673       101184.7975       102102.6315       101117.7446       101481.0156       101193.2823       101441.3682       101216.8505       101425.2931
             1.58       101205.6605       101207.8798       101458.3433        101486.788       101180.9129       101028.3416       101909.5422       101210.2881       101413.0989       101239.1465       101401.9152        101247.853       101396.0587
             1.59       101342.7386       101188.4252       101322.3329       101506.1778       101340.9411       101006.4795       101501.9557       101371.6533       101307.2837       101338.2338       101322.3029       101322.3524       101334.0414
              1.6       101431.7676       101184.2179       101216.3534       101499.8375       101490.2756        101070.135        100996.643       101504.8405        101203.319       101423.2082       101242.7341       101399.7651       101261.0087
             1.61       101450.0717       101230.7503       101179.0736       101386.5265       101552.7717       101254.2659       100622.6395       101561.8563       101156.6284       101462.4465       101206.7309       101429.3868       101229.5409
             1.62       101453.2917       101382.7105       101169.4309       101250.0551       101546.2495       101472.3531       100548.7955       101531.6552       101171.3603       101456.2447       101207.9911       101434.4109       101224.3264
             1.63       101433.5916       101450.7876       101181.3006        101167.899       101457.5696        101630.225       100742.8847       101437.8429       101227.4514       101405.2749       101244.8826       101397.4368       101247.7251
             1.64       101305.9787       101456.7277       101323.7948       101142.0877       101304.9576       101640.7912       101150.6548       101281.1914       101349.4926       101317.5735       101328.7574       101328.6817       101318.5473
             1.65       101224.2894       101464.6743       101439.1995       101146.9103       101168.6191       101570.9283       101662.7419       101147.8034       101449.5186       101226.2907       101411.0516       101253.3216       101390.7822
             1.66       101201.2059       101407.9461       101478.2553       101255.0601       101101.4509       101390.4258       102037.7179       101085.6724       101492.4103       101188.3878       101442.6167       101217.6215       101420.4232
             1.67       101202.6898       101276.0148       101483.6305       101409.2263        101106.527       101184.9604       102103.6179       101119.3424        101477.197       101196.2195        101441.256       101217.8352       101427.6862
             1.68       101206.7329       101206.9517       101457.2778       101488.3768       101180.5835       101029.5267       101909.4497       101210.9429       101419.7608       101234.6095       101401.9857       101246.8952       101395.1769
             1.69       101338.2491       101184.6206       101320.9125       101504.3216       101340.4472       101003.1726       101501.1958       101370.0191       101303.3742       101337.6056       101323.7482       101323.8991       101334.2472
              1.7       101431.2402       101184.7056       101217.1252       101498.0258       101489.8106       101069.9012       100996.9131       101504.0617       101202.8574       101426.9623       101238.4997       101398.6178       101262.1738
             1.71       101452.9825       101234.0364       101179.8644       101389.4251        101554.109        101255.907       100623.2529        101562.524       101158.0243       101460.7492       101208.7854       101431.4496       101226.6588
             1.72        101454.342       101382.7901       101168.8462       101251.6073       101546.7466       101474.7026       100549.1153       101531.7332       101170.6652       101453.0937       101212.5492        101431.895       101226.4946
             1.73       101430.6509       101447.2218       101181.7103       101165.3152       101456.6491       101628.1695       100742.9433        101439.815       101229.5428       101411.7887       101235.5329       101399.4727       101247.2951
             1.74       101305.6572       101457.7196       101322.3342       101140.8461       101303.2488       101639.7289       101148.6364       101279.8503       101346.4742       101313.8469       101332.3742       101331.5067       101319.9839
             1.75       101226.0561       101467.0838       101438.8277       101149.0017        101168.517       101571.2704       101662.9475        101146.768       101449.8482       101226.9808       101413.0921       101247.8506       101390.6861
             1.76       101201.2729       101406.7109       101481.3543        101256.643       101103.3647       101392.1351       102037.9434       101086.4475       101492.1631       101188.6556       101441.0328       101221.1179       101422.2046
             1.77       101201.7747       101275.1644       101483.0779        101407.384       101106.9035       101185.4023       102106.0521       101119.9473        101479.072       101196.5588       101436.9621       101221.6599       101424.3808
             1.78       101205.3715       101208.1086       101453.6324       101488.1623       101179.1093       101028.2657       101908.7953        101211.968       101420.8586       101236.7103       101409.0465       101240.5934       101398.0839
             1.79       101339.9243       101183.8371       101322.0868       101504.7809       101340.0601       101002.1032        101498.413        101368.401       101301.2988       101335.8512       101322.5872       101321.5583       101334.8248
              1.8       101432.1844       101183.7386       101220.5919       101497.4302       101490.1106        101069.836       100997.4161       101503.1369       101201.8889       101426.1809       101237.6825       101405.5057       101259.1682
             1.81       101451.3448       101237.1481       101176.8357       101389.5094       101555.5508       101258.3575       100625.2127       101564.1624       101158.4962       101460.8267       101209.6895       101427.7629       101228.3476
             1.82       101453.1562        101381.367       101169.0757       101251.8757        101546.148       101474.2834       100550.1843       101532.1792       101172.3286       101453.9949       101211.6748       101425.6237       101231.7462
             1.83       101433.7692       101442.7782       101183.8168       101164.7566       101455.9428       101626.8953       100742.0098       101439.5963        101230.325       101412.5368       101238.4577       101408.8984       101241.8994
             1.84       101305.5245       101462.4598       101320.0114       101141.5502       101302.9968        101638.973       101147.0184       101277.7739       101345.0901       101312.1492       101330.7556       101328.9696       101319.5964
             1.85        101223.447        101468.251       101438.3635       101149.0301        101168.435       101572.7457       101661.7885       101146.9676       101447.9171       101225.2089       101412.4651       101247.7405       101395.6796
             1.86        101204.221       101403.5957        101483.716       101255.2901       101104.7224       101392.0973       102041.9434         101088.09       101493.5452       101190.8281       101441.4295       101221.1123       101419.5229
             1.87       101201.9084       101276.0455       101481.5549       101407.6134       101107.3965       101184.4073       102106.6351       101120.6789       101480.9634       101197.0463       101437.7724       101222.8594       101417.5158
             1.88       101203.2154       101209.5808       101452.2749       101490.1092       101177.2691        101027.912        101908.267       101210.7776       101420.0972       101237.9927       101410.2772       101241.1956       101408.0209
             1.89       101340.5057       101182.9187       101324.1129       101503.4542       101339.9104       101003.8343       101496.4084       101367.1302       101298.9804       101333.9316       101319.5372        101321.314       101332.2558
              1.9       101432.5601       101182.8384       101221.0536       101496.8685        101491.277       101069.2891       100996.5217       101503.1186       101202.7562       101425.2225       101238.3072       101404.7186       101256.9501
             1.91       101450.9446       101238.8602       101174.6741       101390.9561       101554.5833       101258.3818       100627.0455       101567.4279       101159.2444       101462.5433       101210.1753       101427.6121        101230.132
             1.92       101453.0403       101380.8071       101169.8649       101251.7209       101545.6433       101474.5094       100551.1314       101532.7018       101172.3096       101454.8205       101212.1571       101426.1225       101231.8212
             1.93       101434.8741       101441.6857       101184.4652       101163.6439       101457.2532       101626.8093        100741.064        101436.038       101229.9479       101412.8344       101241.4942       101413.3818       101241.6993
             1.94       101304.5093       101463.1943       101319.2056       101142.5151       101303.0809       101638.2541       101146.6897       101276.8216       101344.9168       101309.4356        101325.922       101324.9907       101317.8745
             1.95       101222.7905       101468.4955       101439.0251       101149.1197       101167.3541       101572.9812       101661.8187       101148.7687       101447.7231       101225.6109       101412.8827       101248.1111       101396.7287
             1.96       101205.7517       101403.4128       101484.3466       101253.7696       101105.8154       101393.0357       102043.8855       101089.0959       101494.5914        101191.254       101442.8259       101221.5869       101419.9936
             1.97       101202.0656       101276.0331       101480.4053       101408.8793       101106.9872       101183.5813        102105.693       101119.8903       101480.9716       101197.9861       101439.0262       101223.8634       101417.0872
             1.98       101202.6054       101209.4827       101451.6555       101490.3272       101176.7142       101027.0934       101907.0974       101209.4262       101419.7684       101238.1487       101409.8218       101241.3815        101408.965
             1.99       101339.9952       101182.4671       101325.8581       101502.1867       101341.0638       101004.4927       101497.9055       101367.6663       101298.3412       101333.4255       101318.4695       101319.7275       101330.5437
                2       101432.4028       101182.8703       101220.8405       101497.5447       101491.3668       101069.4058       100996.6903       101502.7057       101202.9135       101422.3906       101237.6079       101404.4925       101256.0279
