# Probe 0 (-126 0 0)
# Probe 1 (-105 0 0)
# Probe 2 (-84 0 0)
# Probe 3 (-63 0 0)
# Probe 4 (-42 0 0)
# Probe 5 (-21 0 0)
# Probe 6 (0 0 0)
# Probe 7 (21 0 0)
# Probe 8 (42 0 0)
# Probe 9 (63 0 0)
# Probe 10 (84 0 0)
# Probe 11 (105 0 0)
# Probe 12 (126 0 0)
#           Probe                 0                 1                 2                 3                 4                 5                 6                 7                 8                 9                10                11                12
#            Time
           0.0125            101325            101325            101325            101325            101325            101325            101325            101325            101325            101325            101325            101325            101325
            0.025            101325            101325            101325            101325            101325            101325            101325            101325            101325            101325            101325            101325            101325
           0.0375            101325            101325            101325            101325            101325            101325            101325            101325            101325            101325            101325            101325            101325
             0.05            101325            101325            101325            101325            101325            101325            101325            101325            101325            101325            101325            101325            101325
           0.0625            101325            101325            101325            101325            101325            101325            101325            101325            101325            101325            101325            101325            101325
            0.075            101325            101325            101325            101325            101325            101325            101325            101325            101325            101325            101325            101325            101325
           0.0875            101325            101325            101325            101325            101325            101325            101325            101325            101325            101325            101325            101325            101325
              0.1            101325            101325            101325            101325            101325            101325            101325            101325            101325            101325            101325            101325            101325
           0.1125            101325            101325            101325            101325            101325            101325       100888.0013            101325            101325            101325            101325            101325            101325
            0.125            101325            101325            101325            101325            101325            101325       100709.7122            101325            101325            101325            101325            101325            101325
           0.1375            101325            101325            101325            101325            101325            101325       101092.8345       101324.6489            101325            101325            101325            101325            101325
             0.15            101325            101325            101325            101325            101325       101324.9648       101704.5651       101263.4285            101325            101325            101325            101325            101325
           0.1625            101325            101325            101325            101325            101325       101315.0076       102102.6922        101139.653            101325            101325            101325            101325            101325
            0.175            101325            101325            101325            101325            101325       101212.4526       102060.0387       101180.2538            101325            101325            101325            101325            101325
           0.1875            101325            101325            101325            101325            101325       101082.3729       101606.2675       101351.3185            101325            101325            101325            101325            101325
              0.2            101325            101325            101325            101325            101325       101112.8145       101021.6091       101510.5364       101286.1874            101325            101325            101325            101325
           0.2125            101325            101325            101325            101325            101325       101337.2529       100592.6965       101577.5365       101193.1926            101325            101325            101325            101325
            0.225            101325            101325            101325            101325            101325        101575.912       100616.3968       101498.4735       101208.7113            101325            101325            101325            101325
           0.2375            101325            101325            101325            101325       101323.9842        101659.767       101036.4151       101323.8865        101332.147            101325            101325            101325            101325
             0.25            101325            101325            101325            101325       101246.5924       101582.0794        101661.792       101160.5096       101450.4582       101300.1549            101325            101325            101325
           0.2625            101325            101325            101325            101325       101160.5419       101340.7198        102078.591       101088.0078       101502.3122       101218.7093            101325            101325            101325
            0.275            101325            101325            101325            101325       101164.2399       101104.0842       102045.5139        101162.965       101459.5149       101222.7284            101325            101325            101325
           0.2875            101325            101325            101325            101325        101318.193       101008.7704       101618.6674       101336.3326       101334.7144       101323.8875            101325            101325            101325
              0.3            101325            101325            101325            101325       101501.4557       101074.4903        101007.026       101502.0119        101214.824       101425.2608       101310.3125            101325            101325
           0.3125            101325            101325            101325       101324.9273       101556.4373       101316.7821       100589.1452       101566.2933       101157.4904       101468.5658       101234.1884            101325            101325
            0.325            101325            101325            101325       101265.1546       101524.0124       101562.2733       100612.7942        101497.596       101196.8769       101443.1672        101233.318            101325            101325
           0.3375            101325            101325            101325       101194.9569       101349.8723       101649.9819       101038.5656       101318.5778       101320.8963       101339.3173       101318.2655            101325            101325
             0.35            101325            101325            101325        101192.176       101173.1903       101574.2972       101660.4311       101154.4671       101444.5287       101237.9788        101410.315       101316.5585            101325
           0.3625            101325            101325            101325       101305.4239       101107.8183       101337.1158       102071.2887       101085.4677       101496.0298       101189.4183       101448.5239       101244.9847            101325
            0.375            101325            101325            101325        101465.255       101129.2733       101100.3513       102042.2936       101161.5808       101457.4864       101211.1672       101434.4549       101241.9236            101325
           0.3875            101325            101325       101324.9843       101510.8517       101305.0953       101005.5359       101615.0149       101331.2565       101332.8823       101314.7734       101342.5579       101313.4218            101325
              0.4            101325            101325       101278.8145       101497.7053       101491.5615       101072.3138       101000.8903       101503.4699       101211.4327       101420.2044       101251.5222       101399.7619       101320.2104
           0.4125            101325            101325       101215.6943       101355.4492       101549.3496       101314.5705       100591.7129       101565.4559       101154.4558       101463.4993       101208.4551       101434.8447       101253.1693
            0.425            101325            101325       101210.3757       101206.1297       101518.6984       101560.9471        100610.632       101488.6973       101196.5562       101441.4014       101219.1064       101428.1107       101248.7424
           0.4375            101325            101325       101293.6235       101151.5099       101346.9162       101647.7153       101037.7927       101319.6256       101319.3409       101337.8002       101310.5722        101345.359       101308.9317
             0.45            101325            101325       101441.9631       101157.1331       101170.5782       101572.2065       101660.1893       101154.3267       101442.7183       101235.3473       101405.9358       101261.0603       101391.7966
           0.4625            101325       101324.9951       101483.5306       101297.1678       101105.4472       101335.5347       102069.7469       101085.7869       101497.8185       101187.2676       101444.1744       101221.4757       101424.7359
            0.475            101325       101288.8476       101479.3834       101457.1105       101127.5697       101098.3682       102041.8254       101160.2496       101451.8363       101211.1735       101432.6088       101225.7021       101421.9672
           0.4875            101325        101230.211        101360.948        101504.893        101303.724       101006.0614       101614.0887       101329.4197       101333.3489          101313.8       101341.2698       101307.1039       101347.7884
              0.5            101325        101223.155        101227.123       101493.0667        101490.285       101071.3049       101001.3412       101499.6237        101211.457        101418.665       101249.2085        101395.842       101268.2831
           0.5125            101325        101283.219       101177.6661       101353.1283       101547.7273        101314.027       100589.7646       101566.0742       101153.8465       101464.3693       101206.6901       101430.9776       101231.1096
            0.525            101325       101424.6008       101177.5699       101203.8808       101517.1826       101560.7651       100610.4509        101492.113       101197.5604       101436.2299       101218.8814       101425.7855       101232.2972
           0.5375       101324.8619       101464.7283       101288.7081       101149.6219       101345.3475       101646.9033       101036.9667       101321.4483       101318.3297       101338.1418       101309.8071       101344.2684       101304.1186
             0.55       101277.1264       101464.4476       101434.9132       101155.5328       101169.5614       101571.9515       101659.2656       101154.1615       101442.2132       101235.3171       101404.8822       101258.9532       101388.1765
           0.5625       101235.9848       101367.5261       101478.2997       101296.1398       101105.5821       101334.8733       102069.9928       101085.2969       101497.6038       101186.8735       101444.7182       101219.9373       101421.2207
            0.575       101233.0184       101242.3057       101475.0366       101456.0532       101127.1653        101098.409       102041.4253       101157.0008       101453.1988       101212.5624       101428.3801       101224.9597       101419.2204
           0.5875       101315.7671       101195.6893       101358.9146       101503.5731       101303.2447         101005.19       101613.8718       101330.8482       101333.6377       101312.8378       101341.6788        101306.385       101346.9011
              0.6       101428.2185       101193.1839       101225.2419       101491.8556       101490.0588       101070.7907       101001.2777       101499.0027        101212.604       101418.1211       101249.1679       101395.1115        101266.343
           0.6125        101453.104       101279.0729        101176.035       101351.7075       101547.2046       101313.6514       100589.9075       101565.4877       101152.7355       101464.3785       101206.5027       101431.3759       101229.7314
            0.625       101450.2349       101418.6113       101176.0134       101203.2119       101516.8893       101560.1174        100610.395       101492.2264       101196.4791       101435.7671       101220.1217       101423.2926       101231.2989
           0.6375       101337.8004       101460.0404       101288.0128       101149.6059       101345.0432       101646.8711       101037.1556       101320.4509       101319.5844       101337.7922       101308.8633        101344.654       101303.4383
             0.65       101236.0863       101460.2431       101433.9753       101155.4012       101169.4523        101571.809       101658.9833       101154.0105       101442.4361       101235.2285       101404.2456       101258.8306        101387.642
           0.6625       101205.6729       101365.9063       101477.1356       101295.6635       101104.9993       101334.6818        102069.197       101084.9561       101495.8841       101185.9164       101444.5691       101219.8253       101421.5439
            0.675       101205.5675        101240.631       101473.8949       101455.7883       101126.6594       101098.4351       102041.2084       101156.3253       101452.8239       101212.8513       101427.9469       101225.6103       101418.2492
           0.6875       101312.6943       101194.1988       101357.8536       101503.1933       101302.9452       101005.2274       101613.4497       101331.1196       101333.7211       101312.8297       101341.4048       101305.5368       101347.1624
              0.7       101423.2309       101191.7416       101224.5199       101491.5114       101489.6248        101070.797       101000.8551       101499.1666       101211.2524       101417.9104       101249.3226       101394.6211       101266.1848
           0.7125       101448.9615       101278.5474       101176.0228       101351.5646        101547.134       101313.7294       100589.7116        101565.339       101152.8786       101465.1614       101205.9747       101431.1922       101229.6602
            0.725       101446.6153       101417.7489       101176.0318       101203.0582       101516.8103       101559.9135         100610.28       101492.7335       101195.3998       101434.8083        101220.534       101422.9926       101231.5377
           0.7375       101336.3902       101458.9894       101287.3946       101149.1436       101344.8652       101646.4181       101037.1209       101320.0954       101318.1073       101337.7178       101308.7668       101344.4091       101302.7048
             0.75       101234.6073       101459.2491       101433.8019       101154.9553       101169.4726       101571.4895       101659.0933       101153.5619       101441.1871       101235.1705       101403.7168       101258.8621       101387.2494
           0.7625       101204.3034       101364.8902       101476.8053       101295.3619       101105.0172       101334.3989       102069.3011       101084.4357        101494.786       101185.1972       101445.0333        101219.445       101421.3581
            0.775       101204.2697       101240.0149       101473.5551       101455.4639       101126.6809       101098.0695       102041.3657       101156.1879       101454.2041       101212.8192       101426.8368        101225.729       101418.0437
           0.7875       101312.2616       101194.1812       101357.7815       101503.0999       101302.9987       101005.0899       101613.3794       101330.7204       101331.4216       101312.7949       101341.3005        101305.474       101346.9647
              0.8       101422.3438       101191.7222       101224.4066       101491.4559       101489.4408       101070.7647       101000.9273       101499.0015       101209.3044       101417.9361       101249.4343       101394.1909       101266.1444
           0.8125       101448.0463       101277.9646       101175.6193       101351.4236       101546.7856       101313.6779        100589.477       101565.6739       101155.4017       101465.3569       101205.6234       101431.4767        101229.354
            0.825       101445.7606       101417.5952       101175.6378       101203.0522       101516.5296       101559.9899       100609.9701       101492.6569       101193.9206       101435.1255       101221.0224       101422.2408       101231.4166
           0.8375       101335.3796       101458.6775       101287.0852       101149.1753        101344.656       101646.5129       101036.8526       101320.3568       101318.3769       101337.9157       101308.6363       101344.3425       101302.6811
             0.85        101234.273       101458.9303       101433.5127       101154.9804       101169.1758       101571.6092       101658.8456       101153.6826       101442.2939         101234.94        101403.595       101258.9568       101386.9338
           0.8625       101204.2661       101364.9144       101476.7395       101295.4286       101104.9094        101334.381       102069.1411       101084.3571       101494.5939       101185.5038       101445.2785       101219.3118       101421.5188
            0.875       101204.2049       101239.8628       101473.4801       101455.3171       101126.5831       101098.1396       102041.3134       101156.1781        101454.351        101212.734       101426.2508       101225.9675       101417.8411
           0.8875        101311.875       101193.8542       101357.6802       101502.8397       101303.0108       101004.9101       101613.5283       101330.6045       101331.9327       101313.0447       101341.3869       101305.4466       101346.9049
              0.9       101422.1412        101191.386       101224.4342       101491.0959        101489.498       101070.5542       101000.9659       101498.6873       101210.1083       101418.3049       101249.1093       101393.8628        101266.389
           0.9125       101447.7351       101277.6189       101175.6552       101351.2933       101547.0028       101313.4459       100589.6382       101565.5883       101156.5566       101463.9369       101205.3024       101431.5634       101229.0716
            0.925       101445.5084       101417.3584       101175.5994       101202.8186       101516.6792       101559.7765       100610.0815        101492.168       101193.8377       101435.7575       101221.2944       101421.7109       101231.5183
           0.9375       101335.4217       101458.6036       101287.1756       101149.3027       101344.5718        101646.375       101036.7498       101320.3742       101318.4805       101337.4578       101308.4866       101344.4166       101302.5226
             0.95        101234.062       101458.9043       101433.4594       101154.8956       101169.2352       101571.4852       101658.8572       101153.6419       101442.9906        101234.718       101403.9494       101259.1608       101386.5012
           0.9625       101203.9712       101364.6799       101476.6625       101295.2781       101104.6082        101334.503       102069.0003       101084.5699       101493.5219       101186.9885       101445.4485       101219.0788        101421.576
            0.975        101203.878       101239.9859       101473.4661       101455.4274       101126.3691       101098.1745       102041.0904       101156.2348       101454.5273       101212.9722       101425.8552       101226.0097       101417.5964
           0.9875       101311.5707       101193.8502        101357.128        101502.625       101302.8889       101005.0294       101613.3835       101330.7506       101331.5925       101313.3915       101341.4425       101305.1871       101347.0197
                1       101421.7002       101191.8484       101224.3594       101491.3228       101489.2791       101070.6698       101000.6836       101498.8786       101209.7559       101418.3951       101248.7852       101393.8533       101266.5295
           1.0125       101447.9351       101277.5999       101175.1994       101351.4154       101546.9258       101313.3875       100589.6146       101565.3408       101156.2976       101463.3919       101204.7629       101431.7278       101229.0991
            1.025       101445.4211       101416.9025       101175.4462       101202.7645       101516.6221       101559.7746       100610.0646       101492.3925       101193.5539       101436.0152       101221.7428       101421.4748       101231.4203
           1.0375       101335.9529       101458.4903       101287.5263       101149.2194       101344.6029       101646.2553       101036.8626        101320.069       101318.9379       101335.9738       101308.4456       101344.4305       101302.3171
             1.05       101233.7939       101458.1199       101433.2509       101154.6924       101169.3035       101571.2908       101658.9572       101153.4888       101443.0271        101233.174       101404.1865         101259.16       101386.3759
           1.0625        101203.796       101364.9107       101476.9191        101295.062       101104.7111       101334.3503       102069.0961        101084.419       101493.8066       101187.3926       101445.5588       101218.7452       101421.6064
            1.075       101204.0075        101239.984       101473.4653       101455.3232       101126.4734       101097.9653       102041.1711       101156.0557       101454.5113       101210.8879       101425.6502       101226.3981       101417.4788
           1.0875       101310.8209       101193.6208       101357.1751       101502.5458       101302.8454       101005.0154       101613.3076        101330.613       101331.2603       101313.8007       101341.5302       101305.0412       101347.0375
              1.1       101422.3616       101191.6873       101224.2099       101491.2901       101489.3913       101070.6718       101000.8089       101498.8938       101209.8935       101418.8091        101248.588       101393.8882       101266.7533
           1.1125       101447.2991       101277.4732       101175.0078       101351.2947       101546.7762       101313.4558       100589.4354       101565.6419       101156.2625       101462.8563       101205.3433       101432.0208       101228.8431
            1.125       101445.4497       101417.0314       101175.3987       101202.7188       101516.4814       101559.9331       100609.9269       101492.3342       101193.4101       101437.5845       101222.1026       101420.8364       101231.4971
           1.1375        101335.781       101458.5314        101287.277       101149.3828       101344.2566       101646.3379       101036.6898       101320.1742        101319.034       101336.8308       101308.4456       101344.5724       101302.0845
             1.15       101233.5925       101458.4582       101433.3575       101154.7671       101169.2009       101571.4534       101658.8752        101153.554       101442.4229       101233.1593       101404.6609       101258.8648       101386.3026
           1.1625       101203.7518       101364.8784       101476.8118       101295.3067        101104.646       101334.0539        102069.098       101084.2663       101493.9519       101188.1132       101444.7951       101218.6628       101421.6797
            1.175       101203.9769       101239.8439       101473.3183       101455.2863       101126.5465       101098.0815       102041.2375        101156.282       101454.3917       101209.2248       101426.3858       101226.6352       101417.3055
           1.1875       101310.8279        101193.743       101357.2507       101502.3525       101303.1289       101004.8821       101613.0905       101330.7073       101331.5734       101313.4284       101342.0636       101305.0228       101347.1306
              1.2       101422.2137       101191.5433       101224.1989       101491.1921       101489.2782       101070.5474       101000.7781       101498.7068       101209.8958        101419.484       101249.2595       101394.1619       101266.8198
           1.2125       101447.6386       101277.2124       101175.1965       101351.1144       101546.9376       101313.5881       100589.6296       101565.5777        101156.418       101461.6913       101206.2249       101432.0906       101228.7276
            1.225        101445.329        101416.991       101175.5595       101202.6403       101516.4402       101559.7735       100609.9844       101491.8056       101193.7061       101439.1245        101222.397       101420.3514       101231.5049
           1.2375       101335.6627       101458.6334       101287.4774       101149.3409       101344.3128       101646.1947        101037.075        101320.214       101318.7732       101336.7104       101308.7567       101344.7376       101301.9577
             1.25        101234.302       101457.7785       101433.1744       101154.7089       101169.1812       101571.2213       101658.8636       101153.5575       101442.9459       101233.3976       101404.9146       101258.7979       101386.1905
           1.2625       101202.8226       101365.7415       101476.7508       101295.4843       101104.5627        101334.164       102068.9827       101084.4286       101493.2502       101188.8031       101444.1323       101218.2499       101422.0042
            1.275       101203.7873       101239.0249       101473.3368       101455.2155       101126.4606       101098.0947       102041.1071       101156.6194       101454.4665       101209.1896       101427.1374       101227.2781       101416.8205
           1.2875       101311.5127       101194.3121       101357.2463       101502.7164       101303.1257       101005.1645       101612.8657       101330.7674       101331.4501        101313.313       101341.5317       101304.9066       101347.3543
              1.3       101420.7513        101191.592       101223.8613       101490.9893       101489.0619       101070.6762       101000.6524       101498.7006       101209.5968       101419.4104       101247.7598        101394.057        101266.938
           1.3125       101448.8367       101277.0659       101175.4689       101351.3096       101546.8586       101313.6565       100589.6039       101565.4775       101156.5614       101461.4489       101207.6782        101432.082       101228.2795
            1.325       101444.4186        101416.548       101175.6545       101202.4342       101516.0772       101559.6936       100609.9641       101491.9925       101193.5841       101438.8183       101220.5493       101419.6013       101231.7339
           1.3375       101335.8234       101459.7331       101287.1241       101149.6911       101344.6388       101646.1553        101037.237       101320.0171        101318.932       101336.4409       101310.0412        101344.622       101301.7596
             1.35        101234.335       101456.4021       101434.4136       101154.4906       101169.2785       101571.1015       101658.9423       101153.4746       101442.9906       101233.6329       101404.6778        101258.891       101386.1478
           1.3625       101203.2835        101366.503       101475.3967       101295.8568       101104.7457       101334.1163       102069.0533       101084.2772       101493.5021       101188.6078       101444.7162       101218.4564       101422.2957
            1.375       101202.5519       101238.8899       101473.7506       101454.5285        101126.234       101097.8362       102041.2037       101156.5059       101454.5012       101208.5941       101428.0267       101227.4182       101416.4551
           1.3875       101313.6804       101193.3694       101358.1035       101502.6826       101303.4842       101005.2581       101612.9043       101330.6988       101331.3645       101313.5538       101340.6047       101304.5724       101347.5022
              1.4       101417.9621       101193.2491       101221.8901       101491.4341       101488.4473       101070.5371       101000.6967       101498.7621       101209.6838       101419.1283       101247.4491       101394.0201        101266.785
           1.4125       101450.8737       101275.2534       101177.3217       101350.3328         101547.55       101313.5673       100589.6373       101565.5571       101156.4993       101461.7812       101207.4968       101431.6837       101228.2732
            1.425        101444.492       101417.8616       101174.8852       101203.2526       101515.3262       101559.8302       100609.6166       101492.1485       101193.4028       101438.6754       101220.3307       101420.2108       101231.8238
           1.4375       101334.2168       101459.9432       101286.2317        101150.302       101344.5247        101646.695       101037.4752       101320.1133       101318.8291       101336.6401       101308.8638       101344.8971       101301.4921
             1.45       101236.0903       101455.0906       101435.5683       101153.4074       101170.1177        101570.211        101658.557       101153.5491       101442.7148       101233.8373       101405.3307       101258.2066       101386.5291
           1.4625       101201.4943         101367.75       101474.1298       101296.9136       101103.2529       101335.3606       102069.3541       101084.1908       101493.6439       101188.3623       101443.2846       101218.6548       101422.0653
            1.475       101203.5095       101239.1534       101473.7686       101453.8825       101127.0434       101096.9562       102040.9375       101156.5663       101454.4388       101208.9544       101428.8044       101228.2653       101416.5157
           1.4875       101313.8243       101192.2623       101358.6981       101502.5361       101304.3411       101005.1612       101613.5121       101330.8655       101331.4684       101313.3629       101340.7181        101304.628       101347.6393
              1.5       101416.5685        101193.784       101221.4896       101491.8335        101487.025        101071.317       101000.1009       101498.5186       101209.8507       101419.0784       101247.5391       101394.6165       101266.5629
           1.5125       101452.5844       101274.6513       101177.0886       101348.9844       101548.8851       101312.2304       100590.7563       101565.5552       101156.3922        101461.612       101207.8877       101430.7583       101228.3414
            1.525       101444.6234       101418.0739       101175.8009       101204.3545       101514.4376       101560.3107       100609.2145       101491.7988       101193.8284       101438.3694       101217.5289       101420.3562       101231.9677
           1.5375       101332.6551       101460.6084       101285.6984       101149.7188       101344.9217       101647.1577       101037.1189        101320.646       101318.6839       101336.8052       101308.9673       101344.4666       101301.5463
             1.55       101237.1355       101453.6998       101435.1607       101152.5661       101171.0337       101568.9758       101659.9124       101152.9804       101442.9364       101233.5549       101405.4714       101258.0319       101386.5952
           1.5625       101201.4219       101369.0809       101474.3542       101297.4234        101101.572       101336.4727       102067.6796       101084.7851       101493.4571       101188.6386       101442.9952       101219.9988       101421.6861
            1.575       101203.4297       101239.3447       101474.7302       101455.1467       101128.5505       101096.6404       102041.1957        101156.573       101454.1949       101209.3838       101430.5224       101228.2057       101416.1787
           1.5875       101312.9949       101191.3938       101357.6354        101501.093       101303.0936       101005.2524       101614.1851       101330.5612       101331.9288       101313.3724       101341.0016       101304.7959       101347.5942
              1.6       101416.5664       101193.5612       101220.8447       101491.7244       101486.4688       101071.9497       100998.4345       101499.6999       101209.0362       101419.3464       101246.2929       101394.6188       101266.3648
           1.6125       101453.6034       101275.5089       101178.4541       101350.2013       101549.4564       101310.8738       100592.1508       101564.1825       101156.7833       101461.4009       101208.2019       101430.0091        101228.682
            1.625       101443.8984       101418.2958       101175.8391        101204.491       101515.3963        101561.536       100608.6318       101491.9623       101193.9798       101438.7035       101217.6275       101423.9041       101232.3182
           1.6375       101332.3651       101459.2917       101284.5221       101148.6422       101343.6851       101646.2486       101036.9997       101321.5688       101318.1849       101337.1987       101308.8321       101343.9577       101301.3751
             1.65       101237.7526       101453.9313       101435.1211       101152.4479        101170.872       101569.0599       101660.9072       101151.0693       101444.2545       101232.6043       101405.7429       101256.8399       101386.6455
           1.6625       101201.6155        101370.199       101475.6649       101298.0393       101102.9841       101337.2181       102066.2118       101086.0586       101492.5997       101188.9766       101442.7112       101220.1986       101421.0415
            1.675       101203.2981        101238.396       101474.8362       101454.9116       101128.2029       101096.6534        102042.539       101156.1962       101453.8929       101209.7664       101430.5937       101227.1607       101415.9511
           1.6875        101312.731       101191.2266        101356.558       101500.1443       101301.9111       101003.9602       101613.2683       101330.0023       101332.9062       101312.3971       101341.2244       101305.2696       101347.4562
              1.7       101416.6278       101193.9111       101221.1239       101491.8946       101487.1414       101072.9374       100998.6787       101500.7881       101207.3348       101420.8117       101246.0778       101394.9379       101266.3635
           1.7125       101453.8639       101275.7423       101179.7196       101351.0407       101549.6719       101310.7448         100592.28       101563.1922       101157.9602       101460.6058       101208.1876       101429.8864       101229.2127
            1.725       101443.5708       101418.1553       101174.9579       101204.1463       101515.5145       101561.6769       100608.4856       101492.7572       101193.7292       101437.7996       101218.0229        101422.373       101231.8637
           1.7375       101332.1421        101459.112       101284.1245       101148.4292       101342.9399       101646.2411       101036.6013        101320.946       101317.4229       101338.4193       101307.8664       101344.4556       101301.8616
             1.75       101238.1843       101454.3564       101435.2141       101152.6988       101170.2863       101568.9142       101661.0005       101151.2068       101445.3719        101231.114       101407.0352       101256.8597       101386.9437
           1.7625       101201.2615       101370.3011       101475.9267       101298.5113       101103.9142       101337.0635       102065.6037       101086.4629       101491.5984       101189.9588       101441.5877       101220.6879       101420.4103
            1.775        101203.282       101237.9026       101474.8484         101454.88       101128.3056       101097.8104       102043.4736       101156.0165       101454.7474       101210.2569       101429.4958       101227.0792       101415.9525
           1.7875       101312.8844       101191.6339       101356.3932       101499.2712       101300.8743       101003.2067       101612.9623       101329.8146       101332.3547       101311.3656       101342.7556       101304.1569       101347.7788
              1.8        101416.745       101194.0611        101221.069       101492.1855       101487.6187       101072.0865        100997.766        101500.888       101207.7373       101421.8417       101244.4987        101396.392       101266.0011
           1.8125       101453.8174        101275.138       101180.1231       101351.8068       101550.4362        101311.813        100592.972       101562.3351       101157.9933        101459.631       101209.2924       101428.9121       101230.2133
            1.825       101443.3209       101418.2412       101174.9057       101203.5675       101515.1534       101562.1384         100609.88       101493.8279       101193.2864       101438.2361       101218.9745       101421.4325       101233.5451
           1.8375        101332.453       101458.9194       101284.0326        101147.845        101342.515        101644.902       101035.2463       101320.7609       101318.3687       101338.0489       101306.7326       101346.6268       101300.7378
             1.85       101238.7359       101454.3106       101435.2196       101153.1211       101170.3317        101568.927       101659.5384       101149.8178       101444.6388       101231.3987       101408.2353       101254.6369       101387.9762
           1.8625       101200.6266       101370.3796       101475.9493       101298.7024       101104.9339       101338.3114       102067.5945       101087.4359       101490.8877       101189.8668       101440.7854       101222.1545       101419.8207
            1.875        101203.127       101237.9625       101474.7499       101455.0435       101127.8786       101097.5846       102043.9387       101157.6243       101456.7754       101209.6415       101429.4904       101226.6517        101415.066
           1.8875       101312.9546       101191.8499       101356.4097        101498.858       101300.1146         101002.44       101610.9534       101328.0583       101331.8422       101312.7478       101342.3537       101303.2653       101349.3509
              1.9       101416.8928       101193.8525        101220.846       101492.1618        101488.078       101072.2436        100997.824       101499.6297       101205.8261        101420.352       101244.7914       101397.7254       101263.2062
           1.9125       101453.5258       101274.9652       101179.9024       101352.3431       101550.7635       101313.2053       100594.2171       101564.9142        101159.114       101459.4412       101209.1348       101428.0815       101231.6864
            1.925       101442.9755       101418.5575       101175.2422       101203.2939        101514.535         101561.19       100609.4486       101494.3131       101195.2688         101440.88       101218.1512       101422.8292       101232.9974
           1.9375       101332.9354       101459.0512       101283.9223        101147.491       101342.6675       101644.3854       101034.1346       101318.5246       101316.0941       101337.2857       101308.4856       101345.7774       101298.9467
             1.95       101239.0116       101454.0284       101435.1463       101153.4625       101170.5173       101569.6007       101660.2111       101150.2577       101443.7503       101229.2915       101406.4702       101255.6553       101390.0478
           1.9625       101200.2699       101369.7722       101476.4616       101298.2786        101105.047       101338.2046       102068.6686       101088.8211       101493.4309       101191.0307       101440.6598       101221.1552       101420.1804
            1.975       101203.0934       101238.4959       101474.2731       101455.2678       101128.0461       101097.1269        102042.971       101156.7629       101456.6765       101212.0387       101432.1515       101225.4755       101416.3163
           1.9875       101313.0708        101192.071       101356.5648       101499.0015       101299.7968       101002.3567        101610.866       101327.2621       101329.7068       101309.6152       101341.4078       101305.2723       101348.6872
                2       101417.2311       101193.2363         101221.03       101491.3816       101487.8972       101072.2785       100998.1666       101500.2057       101206.7262       101420.0732       101242.7751       101395.7304        101263.967
# Probe 0 (-126 0 0)
# Probe 1 (-105 0 0)
# Probe 2 (-84 0 0)
# Probe 3 (-63 0 0)
# Probe 4 (-42 0 0)
# Probe 5 (-21 0 0)
# Probe 6 (0 0 0)
# Probe 7 (21 0 0)
# Probe 8 (42 0 0)
# Probe 9 (63 0 0)
# Probe 10 (84 0 0)
# Probe 11 (105 0 0)
# Probe 12 (126 0 0)
#           Probe                 0                 1                 2                 3                 4                 5                 6                 7                 8                 9                10                11                12
#            Time
           2.0125       101453.0495       101275.2925       101179.2622       101353.1252       101551.7173       101313.7059       100594.1214       101565.9538        101160.263       101461.9595       101210.6698       101427.9451       101230.8662
            2.025       101442.7656       101418.1973        101176.474       101203.1646        101513.832       101560.8444       100609.2167       101493.5138       101194.0485        101440.436       101220.5371       101424.8322       101233.1777
           2.0375       101333.5892       101459.8418       101282.9725       101146.6491       101342.0126       101643.9814        101033.845       101318.1794       101315.1716       101335.1584       101304.7498       101344.3626       101301.6857
             2.05       101238.5705       101453.9814       101434.3782       101154.9116       101171.6056       101570.3035       101660.3001       101150.8221       101444.2852       101230.6951       101406.7673       101253.4709       101387.0735
           2.0625       101200.2124       101368.5678       101478.2379       101297.9434       101104.2882       101338.3163       102068.9312       101088.9442       101494.3041       101191.9773       101442.7892       101223.3942       101419.4284
            2.075        101202.839       101240.0315       101473.3743         101454.07       101127.8653       101096.2734       102042.8129       101156.2196       101455.7679       101210.6995       101431.6312       101227.4951       101417.4569
           2.0875       101313.0712       101191.7504       101355.9853       101500.4837       101301.0601       101002.7934       101610.5892        101327.455       101329.2289       101309.0398       101339.5443       101301.2572       101347.3234
              2.1       101418.2786       101191.8182       101222.5832        101490.803       101486.8498       101072.3499       100998.5414        101500.242        101207.276       101421.0316       101244.3991       101396.6474       101261.9034
           2.1125       101451.9779       101277.0007       101177.1383       101352.3779       101551.3315       101313.5192       100594.2451       101565.7145       101160.5482       101462.0312       101211.2276       101429.5828       101233.0445
            2.125        101442.869       101416.8871       101178.1503       101204.8823        101515.241       101561.0058       100608.7215       101493.8291       101193.6876       101439.4687       101219.4326       101424.7946         101235.11
           2.1375       101334.8576       101460.4891       101283.7897       101144.6405       101341.2751       101643.8244       101034.0235       101317.8284       101314.9015       101335.0017       101304.9356       101343.1472       101297.3539
             2.15       101236.8666       101454.6181       101431.0831       101154.7852       101171.3757       101569.9883       101661.1183       101150.6412       101444.7486       101230.7399       101407.2145       101254.6893        101389.988
           2.1625       101201.6933       101365.4354       101481.1293       101300.4447       101105.0846       101338.4582       102068.4818       101089.2186       101494.4639       101192.4426       101443.0098       101223.7083       101420.1358
            2.175        101201.448        101243.283       101473.3831       101452.3644       101126.8132       101096.8989       102042.1424       101156.3109       101455.0464       101210.0984       101431.4804       101227.0255       101417.3556
           2.1875        101313.506       101191.3462       101352.8519       101499.3383       101301.0491       101002.7504       101610.9691       101327.4347       101329.1428       101309.1692       101338.9158       101301.4001       101345.5175
              2.2       101420.4162        101189.506       101224.8309       101493.2252       101487.5607       101071.3933       100998.8861       101500.4052       101207.3226       101421.2929       101244.4108       101397.5703        101262.348
           2.2125       101447.8042       101279.5334       101178.1464       101351.6543       101551.3121       101313.9654       100593.7051        101565.986        101160.396       101462.4047       101211.5717       101429.3936        101233.648
            2.225       101445.3349       101416.0396       101175.8859       101203.4523       101514.4499       101561.8629       100608.7193       101493.3431       101193.9437        101439.334       101218.9006       101425.0994       101234.6071
           2.2375       101335.4046       101458.7695       101285.2834       101146.7844       101340.9684       101643.1878       101034.2066       101317.7109       101315.2636       101334.5529       101304.8329       101342.5652       101298.1646
             2.25       101234.5529       101457.9302       101431.1328       101154.2338       101172.7816        101569.864        101660.776       101151.1674       101444.0203       101230.6248       101408.0064       101255.1099       101389.2934
           2.2625       101204.2522        101363.202       101479.7964       101299.0398       101105.2044       101338.6168       102069.2178        101088.985       101494.6372        101192.513       101442.7751        101223.413       101420.4028
            2.275       101200.0658       101242.0627       101475.2125       101453.5707       101125.0335       101096.3769       102042.5983       101155.8622       101455.5604       101210.1527       101430.7467       101226.7588       101418.4887
           2.2875       101313.1168       101195.4101       101353.3265       101498.7628       101301.9732       101002.8608       101609.8501       101327.5464       101329.3661       101309.4828       101339.1301       101302.1131       101345.0205
              2.3       101423.7627       101186.5137       101222.1216       101493.8466        101489.084       101072.0751       100998.5555       101500.6865       101207.1148       101420.8331       101245.2414       101397.0479       101262.6939
           2.3125       101444.5831       101278.8912       101179.6326       101351.7664       101549.4699       101313.4821       100594.7776       101565.8807       101159.8786       101462.2483       101211.2066        101429.484        101233.792
            2.325       101445.8148       101419.9092       101177.5217       101202.2778       101514.7755       101561.6608       100608.9908       101493.0465       101194.2426        101439.675       101218.9706       101425.5198       101234.5387
           2.3375       101337.4978       101456.4086        101282.425       101147.7299       101342.1096       101644.0588       101033.4708       101317.9481       101315.7031       101334.7819       101304.2346       101342.0267       101297.9092
             2.35       101232.1563       101457.2697       101431.3293       101154.1047       101171.3146       101569.2032       101660.3999       101151.2162        101443.846       101230.4007       101407.8353       101255.3008       101389.3718
           2.3625        101204.486        101364.599       101481.5673        101298.809       101105.1861       101338.3725       102069.4562       101089.1007       101493.8792       101192.6475       101443.4513       101223.9483       101419.7767
            2.375       101202.2044       101242.1654       101473.8987       101454.8642        101125.862       101097.4203       102043.0106         101155.83       101455.4898       101210.1954       101430.5315       101226.9441       101418.6646
           2.3875       101310.2606       101194.1219       101353.5204       101497.0391       101302.0225        101002.483       101609.9588       101327.7266       101329.9762       101309.5948       101338.8665       101301.6977        101345.438
              2.4        101424.244       101186.8805       101221.9545       101494.2396       101488.4551        101071.254       100998.2118       101500.7962        101207.313       101420.4583       101245.1587       101397.3614         101262.38
           2.4125       101446.6371       101279.9131       101179.9364       101353.0032       101549.5291       101313.5802       100594.5087       101565.3215       101159.7225        101462.122       101211.4358        101429.091       101234.1496
            2.425       101442.9504       101418.2093       101178.1545       101200.7075       101514.7907       101562.1678       100609.0991       101492.9468       101193.9884       101440.0524       101218.9998       101425.4938       101234.4119
           2.4375       101338.6738       101456.9128       101280.8739       101147.8405       101342.6639       101644.2127       101034.2116       101318.2127       101315.7217       101334.8216       101304.4119         101341.85       101297.8732
             2.45       101233.1497        101458.281       101432.4446       101155.0988       101171.6896       101568.6729        101660.269       101151.2316       101444.1023       101230.1086       101407.3816       101255.2154       101390.1667
           2.4625       101202.9844       101363.3626       101482.4362       101298.2897       101103.9517       101337.9306       102069.1989       101089.0708       101494.3649       101192.5419       101443.8539       101224.2427       101419.7082
            2.475        101202.231       101242.8136       101472.3007       101454.4927       101125.6472       101097.9551       102042.8047       101155.7601       101455.2637       101210.2512       101430.7687       101226.9989       101418.6959
           2.4875       101311.2069       101194.1442       101353.8811       101497.2272       101303.3309       101002.9276       101609.5873       101327.7114       101329.1778       101309.7419       101338.4997       101301.2105       101345.2212
              2.5       101424.1636       101186.8248       101222.7852       101494.8673       101488.4841        101070.913       100998.4769       101500.7756       101207.4499       101420.3985       101245.2478       101397.5963       101261.9796
           2.5125       101445.2827       101279.9179        101178.946       101352.8909        101548.308         101313.34       100595.1838         101565.82       101160.1751       101462.2519       101210.9546       101429.6376       101234.0406
            2.525       101444.3208       101417.8641       101178.3622       101200.0417       101514.6453       101562.6579       100608.6498       101492.8716       101193.5936       101440.0079       101219.2465       101425.3147       101234.6998
           2.5375       101338.5256       101457.5989       101280.8883       101147.7339       101343.5107       101644.1739       101033.4256       101317.8319       101315.4334       101335.0122       101304.6599       101341.9307       101297.5318
             2.55       101232.4478       101457.5378       101432.4611       101155.9148       101172.1053       101568.1841       101660.7397       101151.4328       101444.4679       101230.3373        101407.311       101255.0528       101390.2749
           2.5625       101203.9257       101363.5445       101482.4398       101298.6799       101103.2201       101337.8797       102070.1732       101089.0354       101494.3205       101191.9804       101443.7152       101224.2426       101419.8475
            2.575       101201.8782       101243.2518       101472.6617       101453.0359       101125.6792       101098.6176       102042.6037       101155.5413       101455.1514       101210.1315       101430.7875       101226.9466       101418.5341
           2.5875       101311.1077        101193.588       101353.4808       101497.1013       101303.6206       101002.6546       101608.7505       101327.6008       101329.6963       101309.9462       101338.7542       101301.0503       101345.4906
              2.6       101424.1085       101186.5346       101222.5889       101495.7625       101488.4317       101070.0326       100998.5735       101501.0653       101207.5136       101420.3298       101245.2127       101397.5886       101262.0649
           2.6125       101445.4827       101280.2599       101179.6173       101353.1979       101548.0356       101313.6991       100596.1039       101565.8414       101159.7637       101462.1211       101211.1834       101429.4819         101234.33
            2.625       101444.5026       101418.2747        101178.601       101199.7042        101514.897        101563.637       100608.6125       101492.4154         101193.55       101440.0283       101219.3273       101425.2041       101234.6636
           2.6375       101338.2435       101457.2878       101280.1407       101147.2577       101343.8436       101643.8333       101032.4187       101318.1146       101315.8557       101335.2105       101304.4353       101342.2612       101297.2187
             2.65       101232.2587       101457.3196       101432.2409        101156.147       101171.5317        101567.382       101660.7468       101151.9039       101444.5079       101230.0771       101406.8644        101255.357       101390.0919
           2.6625       101203.9642       101363.6277       101482.6919       101299.1715       101102.6306       101338.2042       102070.9215       101088.8633       101493.4537       101192.0766       101443.9244        101223.846       101419.5506
            2.675       101201.9416       101243.8189       101473.1003       101452.5477       101126.3138       101099.2388       102042.5317       101155.1033       101455.2454        101210.701       101431.1336       101226.9931        101419.094
           2.6875       101311.3662       101193.5443       101353.4409       101497.3756       101304.0614       101002.6078       101608.3699       101327.6064       101330.1597       101309.8897       101338.3709       101301.1781       101345.4154
              2.7       101423.8883       101186.4241       101222.1165       101495.8779       101488.2094       101069.3007       100998.6776       101501.9806       101207.5669       101419.6944       101244.8246       101397.7397        101261.396
           2.7125        101445.319       101279.6477       101179.7432       101352.8368       101547.5578       101313.3758       100596.6199       101565.8261       101159.3185       101462.1979       101211.8112       101429.6052       101234.5458
            2.725        101444.525       101418.4882       101178.5975       101199.6529       101514.9082       101564.5767       100608.1555       101491.2943       101193.4835       101440.5946       101219.3663       101424.7061       101234.9066
           2.7375       101338.5949       101457.6211       101280.4479       101147.3593       101344.7741       101643.6509       101032.2332       101318.0336       101316.4203       101334.8709        101303.854       101342.1417       101297.2206
             2.75       101232.4331       101457.3684       101432.3676       101156.3629       101171.1407        101566.968       101661.3134       101152.8164       101444.9236       101229.9023       101407.0679       101255.8175       101390.4004
           2.7625       101203.6509       101363.3424       101482.3681       101299.2524       101102.0201       101338.3399       102071.1626       101088.6754        101492.496       101191.6703       101444.6966       101223.7779       101419.4651
            2.775       101201.7379       101243.6062       101473.1736       101451.8023        101126.654       101099.1585       102042.3194       101154.6542       101455.4165        101210.944       101431.0055       101226.4255       101418.6858
           2.7875       101311.3329       101193.7179       101353.3581       101498.0936       101303.9883       101002.8277       101607.9233       101327.7601       101331.1365       101310.5975       101337.7207       101301.2308       101346.0968
              2.8       101424.2366       101186.5744       101221.9736       101495.9438       101488.7225       101069.0525        100998.545       101501.9707       101207.0083        101419.033       101244.5097       101398.4904       101261.1829
           2.8125       101445.3349       101279.8619       101180.2124       101352.7109       101547.2628        101313.394       100597.1694        101566.035       101158.6889       101462.1093       101212.1837       101429.8827       101233.8765
            2.825       101444.3753       101418.2775       101178.2043       101199.5552       101514.3245       101565.3397       100608.2247       101491.0874       101193.3568       101441.5161       101219.8701       101423.8036       101235.6518
           2.8375       101338.2973       101457.5831       101280.3563       101147.0484       101345.3068       101643.0735       101031.7523        101318.372        101316.848       101334.5301       101303.6134       101341.9308        101297.695
             2.85       101232.5839       101457.3833       101432.8307       101156.8479       101170.8496       101566.5194       101661.2883       101153.2833       101445.1867       101229.3011       101406.3865       101256.6194        101389.356
           2.8625       101203.7353       101363.4687       101482.2237       101299.5419        101102.009       101338.9387       102071.3475       101088.1799        101492.087       101191.9173       101445.0338       101224.2411        101419.007
            2.875       101201.8652       101243.5026       101473.3885       101450.9498       101127.3655        101099.103       102042.1714       101154.1397       101455.2731       101211.3761       101431.2626       101225.6806         101418.94
           2.8875       101311.2675       101193.4875       101353.0511       101498.7582       101303.2771       101002.7851       101608.3218       101327.9807       101331.5589       101310.6104       101337.5207       101300.5217       101346.9707
              2.9       101424.1246       101186.5627       101221.7196       101495.4218       101489.0397       101069.0859       100998.7013       101502.3774       101206.9538        101418.465       101244.7407       101399.4783       101261.2791
           2.9125       101445.5191       101280.0185       101181.0938       101352.8135       101547.2915       101312.7241       100596.9914        101565.845       101158.5755       101461.9439       101212.4884       101430.3256        101232.702
            2.925       101444.4363       101418.1857       101177.8069       101200.2466       101513.8823       101565.6048       100608.1552       101490.6886       101193.6691       101441.8836       101219.5858       101423.0211       101235.4556
           2.9375       101338.2846       101457.8041       101280.4467       101146.3314       101346.1297       101643.5269       101031.6317       101318.4785       101316.9485       101334.7467       101303.1059        101341.667       101298.6906
             2.95       101232.2968        101457.022       101432.5254       101157.1773       101170.6243       101566.1217       101661.2562       101153.4166       101444.8676       101229.0544       101406.6413       101256.8382       101389.7289
           2.9625       101203.6738       101363.6254       101481.9005       101299.5108       101101.2185        101339.156       102071.7301       101088.2206       101491.6712       101191.6887       101445.5035       101224.4774       101418.7989
            2.975       101202.0879       101243.7549       101474.0552       101450.2431        101127.909       101099.2841       102042.0271       101154.2111       101455.5231       101211.7236        101431.457       101225.6421       101418.4879
           2.9875       101311.2783       101193.4264       101352.7182       101499.9878       101302.9992       101002.2683        101607.856       101328.1312       101331.8804       101310.6121       101336.9185       101300.3783       101347.0342
                3       101423.9491       101186.8885       101221.7519       101495.0908       101489.2511       101069.5781       100998.7935       101502.3729       101206.7667       101418.3271       101244.3223       101399.6442       101261.9065
