# Probe 0 (-126 0 0)
# Probe 1 (-105 0 0)
# Probe 2 (-84 0 0)
# Probe 3 (-63 0 0)
# Probe 4 (-42 0 0)
# Probe 5 (-21 0 0)
# Probe 6 (0 0 0)
# Probe 7 (21 0 0)
# Probe 8 (42 0 0)
# Probe 9 (63 0 0)
# Probe 10 (84 0 0)
# Probe 11 (105 0 0)
# Probe 12 (126 0 0)
#           Probe                 0                 1                 2                 3                 4                 5                 6                 7                 8                 9                10                11                12
#            Time
             0.01            101325            101325            101325            101325            101325            101325            101325            101325            101325            101325            101325            101325            101325
             0.02            101325            101325            101325            101325            101325            101325            101325            101325            101325            101325            101325            101325            101325
             0.03            101325            101325            101325            101325            101325            101325            101325            101325            101325            101325            101325            101325            101325
             0.04            101325            101325            101325            101325            101325            101325            101325            101325            101325            101325            101325            101325            101325
             0.05            101325            101325            101325            101325            101325            101325            101325            101325            101325            101325            101325            101325            101325
             0.06            101325            101325            101325            101325            101325            101325            101325            101325            101325            101325            101325            101325            101325
             0.07            101325            101325            101325            101325            101325            101325            101325            101325            101325            101325            101325            101325            101325
             0.08            101325            101325            101325            101325            101325            101325            101325            101325            101325            101325            101325            101325            101325
             0.09            101325            101325            101325            101325            101325            101325            101325            101325            101325            101325            101325            101325            101325
              0.1            101325            101325            101325            101325            101325            101325            101325            101325            101325            101325            101325            101325            101325
             0.11            101325            101325            101325            101325            101325            101325       100998.7188            101325            101325            101325            101325            101325            101325
             0.12            101325            101325            101325            101325            101325            101325       100699.4366            101325            101325            101325            101325            101325            101325
             0.13            101325            101325            101325            101325            101325            101325       100814.2732       101324.9992            101325            101325            101325            101325            101325
             0.14            101325            101325            101325            101325            101325       101324.9999       101207.1896       101322.9266            101325            101325            101325            101325            101325
             0.15            101325            101325            101325            101325            101325       101324.9587       101702.9415       101263.2189            101325            101325            101325            101325            101325
             0.16            101325            101325            101325            101325            101325       101320.3511       102069.4958       101154.3736            101325            101325            101325            101325            101325
             0.17            101325            101325            101325            101325            101325          101268.5       102135.3718       101148.8181            101325            101325            101325            101325            101325
             0.18            101325            101325            101325            101325            101325       101147.1649       101922.0941       101242.4382            101325            101325            101325            101325            101325
             0.19            101325            101325            101325            101325            101325       101079.4548       101506.2031       101388.0308        101324.972            101325            101325            101325            101325
              0.2            101325            101325            101325            101325            101325       101113.8763       101023.3368       101509.9623       101285.4748            101325            101325            101325            101325
             0.21            101325            101325            101325            101325            101325        101284.141       100627.4312       101575.6642       101202.9916            101325            101325            101325            101325
             0.22            101325            101325            101325            101325            101325       101489.1653       100553.0824       101547.0552       101195.1784            101325            101325            101325            101325
             0.23            101325            101325            101325            101325       101324.9997       101634.9596       100752.8554       101435.4827       101252.9538            101325            101325            101325            101325
             0.24            101325            101325            101325            101325       101318.9583        101653.927       101148.5571       101285.8508       101357.7454       101324.9999            101325            101325            101325
             0.25            101325            101325            101325            101325       101246.4171        101581.348       101660.1153       101161.0679       101449.7755       101298.1342            101325            101325            101325
             0.26            101325            101325            101325            101325       101169.4736       101393.0591       102046.7323       101092.3397       101501.1152       101226.8574            101325            101325            101325
             0.27            101325            101325            101325            101325       101158.7315       101190.8415       102109.3301       101113.2344       101489.3427       101217.7193            101325            101325            101325
             0.28            101325            101325            101325            101325       101202.7494       101041.8956        101909.314       101222.3544       101414.1444       101257.0311            101325            101325            101325
             0.29            101325            101325            101325            101325       101359.0128       101012.8071       101509.7577       101374.4382       101308.2933       101344.6897            101325            101325            101325
              0.3            101325            101325            101325            101325       101499.6816        101075.295       101008.5895       101501.4537       101215.4587       101424.3821       101307.5278            101325            101325
             0.31            101325            101325            101325       101324.9945       101553.8999       101261.8528       100621.2763       101564.8694       101160.1872       101466.7972       101241.7177            101325            101325
             0.32            101325            101325            101325       101304.8059       101547.8567       101474.2517       100549.3917        101538.507       101168.7042       101462.3312       101231.7668            101325            101325
             0.33            101325            101325            101325       101226.4468       101461.9111       101622.5727       100750.4399       101433.1676       101241.4074       101404.1841       101257.8695            101325            101325
             0.34            101325            101325            101325       101192.8077       101312.4863       101644.6331       101148.7502       101282.9709       101348.1363        101317.915       101336.4787            101325            101325
             0.35            101325            101325            101325       101193.6626       101174.8319       101573.6077       101658.7443        101155.152       101443.7677       101238.7184       101409.2122       101313.9074            101325
             0.36            101325            101325            101325       101268.4202       101111.9645       101389.1595       102041.8759       101087.6265       101494.4338       101192.1951       101446.3066       101252.3406            101325
             0.37            101325            101325            101325       101411.8007       101113.8456       101186.6627       102107.4864       101114.7675        101483.948       101194.5724       101445.1488       101241.6563            101325
             0.38            101325            101325            101325       101494.1803       101185.6323       101038.6245       101903.1884       101222.4454        101412.556       101249.4207       101399.1528       101257.6844            101325
             0.39            101325            101325       101324.3976       101509.6451       101345.8879       101009.6104       101507.6838       101369.6906       101306.3186       101337.0227       101324.2376       101330.5193            101325
              0.4            101325            101325       101277.5212       101495.7407       101489.7573        101073.107       101002.6017       101502.7013       101212.0973       101419.2599       101252.4495       101398.4718        101317.993
             0.41            101325            101325       101223.0665       101388.7531       101546.4887       101260.1454       100622.5269       101561.4549       101157.1098        101461.619       101211.5017       101432.2995       101260.5361
             0.42            101325            101325       101211.0167       101259.9087       101541.2443       101472.4012       100549.1766       101537.8855       101167.1428       101457.8135       101211.0588       101432.9129       101249.0766
             0.43            101325            101325       101218.6336       101173.3721       101458.0609       101620.7448       100748.7458       101431.1478          101239.4       101403.0993       101253.0482       101396.9211       101257.9195
             0.44            101325            101325       101330.9636       101151.7205       101309.5765        101642.421       101147.9725       101279.9892       101347.0825       101316.1247       101329.8673        101328.953       101325.8882
             0.45            101325            101325       101439.6899       101158.9124        101172.215       101571.4986        101658.477       101154.8712       101442.0802       101236.1221       101404.7584       101262.1658       101390.3463
             0.46            101325       101324.9998       101479.4764       101259.8284       101109.5507         101387.45       102040.7743       101086.7696       101495.5805       101189.8412       101441.8991       101224.7719       101421.9488
             0.47            101325       101315.8824       101481.9938       101402.3441       101111.6255       101184.3529       102105.8166       101114.8715       101481.3628       101193.0245       101441.1278       101222.6863       101423.7217
             0.48            101325       101257.1342       101448.6383        101487.226       101184.4717       101038.1741       101903.3231       101220.3008       101411.1126       101248.0198       101398.4486       101254.0827       101396.2891
             0.49            101325       101227.7271       101330.2222       101503.8176       101344.5271       101010.0094        101506.253       101369.7858       101306.2022       101336.3294       101322.6953       101324.6425       101332.5193
              0.5            101325       101224.7195       101229.1756       101491.1273       101488.4702       101072.1545       101003.0087       101499.1417       101212.1033       101417.8588       101250.1829       101394.4638       101269.5431
             0.51            101325       101256.1729       101183.0618       101386.3382       101544.9099       101259.3431       100621.3674       101565.4145       101157.1724       101462.4409       101209.5611       101428.3924       101234.6025
             0.52            101325       101379.6076       101176.9889       101257.5832       101539.6514       101472.2759       100548.2671       101532.4984       101168.1575       101456.9809       101209.6202       101429.3193       101231.3971
             0.53            101325       101447.7744       101196.9263       101171.2667       101456.6904       101620.2212       100748.4781        101431.022       101237.5484       101401.7691       101252.1859       101396.5384       101253.7737
             0.54       101322.7777       101464.4067        101324.575       101149.8803       101307.9003       101641.6377       101147.3282       101283.0623        101345.832       101316.3418        101329.162        101327.621       101320.7208
             0.55       101276.4241       101462.6434       101432.6052       101157.3286       101171.2233       101571.2169       101657.5715       101154.7683       101441.5462       101236.0826       101403.8232       101260.1131       101386.6323
             0.56       101240.8912       101396.4396       101473.9788       101258.8089        101109.586       101386.9207       102040.4808       101087.0514       101495.0987       101189.3646       101442.4177        101223.082       101418.4019
             0.57       101234.0257       101285.2541       101477.1449       101401.3575       101111.6817       101184.1604       102105.8596       101115.7253       101480.8407       101193.4298       101440.9925       101221.4078       101420.4583
             0.58       101242.4853       101216.8607       101446.0651       101486.0225       101183.5298       101037.8396       101902.9238       101218.6108       101411.0008       101247.0537       101396.5382       101253.6488       101396.1161
             0.59        101347.104       101195.0329       101328.1176       101502.5091       101344.2467       101009.1499       101506.1049       101369.8158       101307.1876       101335.5103       101322.9208       101323.8265       101331.3455
              0.6       101425.9012       101194.8432       101227.2683       101489.9035       101488.2309       101071.6415       101002.9365       101498.3977       101213.2306       101417.2924        101250.131       101393.8253       101267.6608
             0.61       101449.9676       101247.4856       101181.4106       101384.9873       101544.4073       101259.0098       100621.5151       101564.2722       101153.9056       101462.2903        101209.268        101428.757       101233.0911
             0.62       101451.4064       101373.7724       101175.4109       101256.4727       101539.1735       101471.7057       100548.1726       101533.0437       101170.3198        101456.554        101209.733       101429.2616       101230.2378
             0.63       101420.0502       101442.2311        101195.713       101170.9896       101456.4249        101619.826       100748.6393       101431.0533        101237.518       101401.9334       101251.7931       101394.0456       101253.5678
             0.64        101312.155       101459.8546       101323.8637       101149.8436       101307.6596        101641.625       101147.3849       101282.3915       101347.0015       101316.0199       101328.4791       101327.9068        101319.851
             0.65       101238.3465       101458.4666       101431.6703       101157.1563       101171.0798       101571.0725       101657.2878       101154.5914       101441.7426       101235.9792       101403.1849       101259.9942       101386.1686
             0.66       101209.6541       101394.7192       101472.8485       101258.2136       101109.0613       101386.6776       102039.8977       101086.7877       101493.4944       101188.5966       101442.2626       101222.8814       101418.6837
             0.67       101205.9803       101283.4807       101475.9802       101401.1502        101111.094       101184.1059       102105.3872       101116.8296       101479.1125       101193.3856       101440.7347       101221.5019       101420.3845
             0.68       101225.3083       101215.2798       101445.0072       101485.6778       101183.2364        101037.904       101902.6451       101218.0215       101412.6537       101246.5756       101396.5642       101253.6715       101393.2725
             0.69       101342.8328       101193.5581       101327.0678       101502.1365        101343.847       101009.1621       101505.6866       101369.9491       101306.7527       101335.3681       101322.6113       101323.1766       101331.6633
              0.7       101420.7996       101193.4143       101226.5712       101489.5692        101487.806        101071.644       101002.5104       101498.5742       101211.8734       101417.0771        101250.248       101393.3264       101267.5198
             0.71       101445.6822       101246.7892       101181.2753       101384.7936       101544.2915       101259.1274       100621.2229       101564.4684       101155.8374       101462.4925       101208.7287       101428.5733       101232.9463
             0.72        101447.444       101373.1085       101175.4145       101256.3937       101539.1142       101471.5846       100548.2076       101532.4528       101169.9196       101456.2235       101209.4276       101429.0481       101230.3297
             0.73       101418.0686       101441.2523       101195.3387       101170.6708       101456.2397       101619.5027       100748.3939       101431.5454       101237.0871       101401.9534       101251.6274        101393.977       101253.8175
             0.74       101310.6168       101458.8103       101323.4191       101149.3845       101307.5367       101641.1868       101147.4121       101281.8579         101346.52       101315.7726       101328.4242       101327.6619       101319.2076
             0.75       101236.8701       101457.4722       101431.4879       101156.7256       101171.1086       101570.7575       101657.3997       101154.1586       101440.5051        101235.929       101402.6897       101260.0011        101385.762
             0.76       101208.2629        101393.809       101472.5399       101257.9368       101109.0882       101386.4304       102039.9998        101086.413       101495.8081       101188.7721       101442.6372       101222.4898       101418.4943
             0.77       101204.6538       101282.5523       101475.6464       101400.7529       101111.1061       101183.7788       102105.5248       101116.3088       101480.3055       101193.8343       101440.8022       101221.2329       101420.1867
             0.78       101224.4591       101214.9845       101444.7393        101485.478       101183.3075       101037.6083        101902.748       101217.7461        101410.562       101246.0586       101396.5615       101253.7281       101393.1595
             0.79       101342.3012       101193.5257       101327.0134       101502.0508       101343.8781       101009.0641       101505.6055       101369.7278       101305.0184        101335.203       101322.4124       101323.1616       101331.5054
              0.8       101419.9401       101193.3658       101226.4669       101489.5021       101487.6343       101071.6113       101002.5785       101498.4074       101209.9954       101417.0825       101250.3492       101392.9391       101267.4647
             0.81       101444.7444        101246.225       101180.8945       101384.6428       101543.9587       101259.0454       100621.0773       101564.6692       101157.3551       101462.0053       101208.4423       101428.8199       101232.6353
             0.82        101446.549       101372.8901       101175.0057       101256.3478       101538.7876       101471.6544       100547.8865       101532.6416       101169.9867       101456.0252       101209.3072       101429.1806       101230.1013
             0.83       101417.2352       101441.0333       101195.0816       101170.6864       101456.0465       101619.5838       100748.0922       101431.5045         101236.62       101401.6315       101251.3355       101393.7013       101253.9782
             0.84       101309.7048       101458.5008       101323.0532       101149.4199       101307.2952       101641.2885        101147.156       101282.1227       101345.8012       101316.2603       101328.3672       101327.4264       101319.1446
             0.85       101236.5011       101457.1636       101431.2055        101156.755       101170.8086       101570.8645       101657.1542       101154.2726       101441.6171       101235.7099       101402.5541        101260.085       101385.4762
             0.86       101208.1932       101393.7625       101472.4376       101258.0269       101108.9519       101386.4174       102039.8078       101086.3627       101493.2501       101189.8208       101442.7091        101222.346       101418.6163
             0.87       101204.5818       101282.5196       101475.5809       101400.7026       101110.9904       101183.8207        102105.421       101116.1841       101479.8915        101194.405       101440.8094        101221.131       101420.3251
             0.88       101224.0814       101214.7086       101444.6289       101485.2622       101183.2473       101037.5772       101902.7959       101217.8092       101411.5856       101246.0058       101396.7165       101253.7349       101392.7208
             0.89       101342.0293          101193.2       101326.9448       101501.7703       101343.9033       101008.8794       101505.7404        101369.494       101305.1579       101335.2605       101322.4753       101323.2781       101331.4126
              0.9       101419.7422       101193.0453        101226.476       101489.1578       101487.6879       101071.3932       101002.6187       101498.1003       101210.7832        101417.405        101250.068       101392.6397         101267.66
             0.91       101444.4674       101245.9068        101180.927       101384.4834       101544.1084       101258.8114       100621.2028       101564.5238       101158.0005       101461.1548       101208.4077       101428.8553       101232.4317
             0.92       101446.2683       101372.5716       101175.0313       101256.1526       101539.0192       101471.4197       100548.0632       101532.2914       101168.4786        101455.603       101209.1098       101429.1854       101230.0032
             0.93       101417.1795       101440.8969       101195.0148       101170.5314       101456.0394       101619.4167       100748.0991       101431.2464       101237.6639       101401.1716       101251.0662       101393.5498       101254.1004
             0.94       101309.6722       101458.4296       101323.1649       101149.5569       101307.2466       101641.1291       101147.0525       101282.1119       101345.9812        101315.978       101328.2127       101327.3957       101319.0388
             0.95        101236.282       101457.1195       101431.1597       101156.6657       101170.8436       101570.7471       101657.1618       101154.2372       101442.2677       101235.4862       101402.8487       101260.2598       101385.0832
             0.96       101207.9128       101393.5385       101472.2642       101257.8415       101108.7293       101386.5137       102039.7309       101086.4944       101492.7586       101189.8433       101442.3799       101222.2255       101418.6153
             0.97       101204.2762       101282.4152       101475.6727       101400.7801       101110.7094         101183.91       102105.1643       101116.3713       101480.4059       101194.3881       101441.0855       101220.8682       101420.3059
             0.98       101223.7678       101214.9268       101444.3343        101485.242       101183.0962        101037.629       101902.6458       101217.8666       101411.0246         101247.28       101396.6769       101253.5952       101392.5918
             0.99        101341.743       101193.2238       101326.4913       101501.6087       101343.7506       101009.0069       101505.5645        101369.648       101304.9462       101335.8456       101322.4563       101323.1882       101331.3759
                1       101419.3274         101193.45        101226.332       101489.3564       101487.4836       101071.5209       101002.3525       101498.2746       101210.4235       101417.4736       101249.7798       101392.5897       101267.7981
             1.01        101444.505       101246.1796       101180.6034       101384.6742       101544.0335       101258.7805       100621.1306       101564.3541       101157.6264       101459.8143        101208.583       101428.9151       101232.4838
             1.02       101446.3409       101372.0121       101174.6596         101256.09       101538.9199       101471.3982        100548.015       101532.3854       101168.8175       101456.5684       101208.9045       101429.4472       101229.9007
             1.03       101417.2295       101440.7487       101195.2687       101170.5106       101456.0425        101619.374       100748.1457       101431.2729       101237.4934       101400.8599       101250.9684       101393.6285       101254.0511
             1.04       101310.2006       101458.0995       101323.3666       101149.4238       101307.2854        101640.994        101147.179       101281.8035         101346.36       101314.7884       101328.1204       101327.3159       101319.0234
             1.05       101236.0544       101456.4342       101431.0286       101156.4724       101170.9147       101570.5681       101657.2539       101154.0761       101442.2931       101234.0325       101403.0586       101260.2774       101384.9542
             1.06        101207.483        101393.526       101472.4569        101257.619       101108.8282       101386.3751       102039.8239        101086.352       101492.9795       101189.9325       101442.1567       101222.0422       101418.6255
             1.07       101204.4904       101282.7485       101475.7866       101400.6134       101110.8091       101183.6985       102105.2936       101116.2029       101480.6797       101194.3308        101440.878       101220.5547       101420.3817
             1.08        101223.439        101214.571       101444.3171       101485.1937       101183.1224       101037.4948       101902.6114       101217.6543       101410.8655       101245.8308       101396.4535        101253.765       101392.4469
             1.09        101341.186       101193.1696       101326.5121       101501.5045       101343.7473       101008.9866       101505.5408       101369.5702       101304.6415       101336.3698       101322.6438       101323.0966       101331.3047
              1.1       101419.7829       101193.2663       101226.1997       101489.3355       101487.5671       101071.5224       101002.4576       101498.3107       101210.5437       101417.8949       101249.5953       101392.5891       101268.0012
             1.11       101444.3309       101245.9637         101180.39       101384.6032        101543.922       101258.8241        100621.013       101564.5998       101157.6957       101461.1934       101209.2178       101429.0112       101232.2934
             1.12       101445.9379        101372.158       101174.6052       101255.9341        101538.824       101471.5192       100547.8413       101532.4402       101168.4297        101455.733       101208.0546        101429.672       101229.7308
             1.13       101417.1967       101440.7528       101195.0286        101170.633       101455.7868       101619.5057        100748.008       101431.2661       101237.5375       101401.1589       101250.7502       101393.5686       101254.3675
             1.14       101310.0802       101458.2523       101323.2415       101149.5414       101306.9946       101641.1156       101147.0182       101281.9293       101346.2831       101315.3401       101328.3666       101327.3643       101318.9772
             1.15       101235.8179       101456.7019       101431.1052       101156.5659       101170.7905       101570.6684        101657.178       101154.1163        101441.751       101234.0608       101403.5107        101260.038       101384.8331
             1.16       101207.5048        101393.496       101472.3746        101257.804       101108.7478       101386.1261       102039.8226       101086.2315       101493.0385        101190.595       101441.7708       101222.1916       101418.6959
             1.17        101204.592       101282.7467       101475.6128       101400.7724       101110.7899       101183.7054       102105.2748       101116.2906       101480.5508       101194.6634       101441.0172       101220.2765       101420.5337
             1.18        101223.025       101214.4059       101444.3089       101484.9869        101183.374       101037.5315       101902.6588       101217.8989       101410.9389        101245.959       101396.1036       101253.7623       101392.2371
             1.19       101341.2307       101193.2354       101326.5464        101501.394        101343.908       101008.8198       101505.3235       101369.5679       101304.9219       101335.6803       101322.9646       101323.0499       101331.2628
              1.2        101420.128       101193.0298       101226.2009       101489.2158        101487.511       101071.4303       101002.4244       101498.1205       101210.5732       101418.4906       101250.2692       101392.8384       101268.0542
             1.21       101444.0094        101245.764       101180.4808       101384.4263       101544.0485       101258.9712       100621.1331        101564.536       101157.8392       101460.2003       101209.3043       101428.6477       101232.2968
             1.22       101446.1292       101372.2107       101174.8278       101255.8055       101538.8921       101471.4121       100548.0023        101531.998       101168.6498       101454.7077       101208.7588       101430.0354       101229.5294
             1.23       101417.1309       101440.4245       101194.9183        101170.536       101455.7158       101619.3876       100748.1601       101431.0293       101237.6116       101401.3075       101250.8293       101393.3373       101254.6175
             1.24       101310.6373       101458.2072       101323.4813       101149.5173       101307.0412       101640.9461       101147.2938       101281.9145       101346.1049       101315.2322       101328.2834       101327.4819       101318.8963
             1.25       101235.1325       101456.9489       101430.9317       101156.5456        101170.805       101570.4726       101657.2029       101154.1206       101442.2176       101234.2513       101403.7313       101259.9637       101384.7325
             1.26       101207.4578       101393.3039       101472.2136       101257.8409       101108.6382       101386.1787       102039.7312       101086.3853       101492.5595       101190.8554       101441.1011       101222.3302        101418.836
             1.27        101205.305       101282.7423        101476.065       101400.8781       101110.7352       101183.7725       102105.1263       101116.5539       101480.3468        101194.189       101440.0553        101219.917       101420.6485
             1.28       101222.1393       101214.5389       101443.5311       101485.0778       101183.3253       101037.6079       101902.5055       101218.0337       101410.9044        101246.565       101396.9786       101253.8678       101391.9117
             1.29       101341.0509       101194.0149       101326.5738       101501.6575       101343.9063       101009.1146       101505.1302        101369.682       101304.7372       101335.7857       101323.2424       101322.8687       101331.4128
              1.3       101420.9635       101191.7815       101226.6693       101489.0209       101487.3033       101071.5519       101002.2993       101498.1533       101210.3788       101418.4463       101248.8911       101392.7803       101268.1725
             1.31       101443.7431       101246.7058       101179.6067       101384.4499       101543.8553        101258.997       100621.0649       101564.3707       101157.8924       101459.8483       101210.6181       101428.3762       101232.0594
             1.32       101444.7418       101372.7651       101175.1992        101256.244       101538.8243       101471.4123       100547.9647       101532.1672       101168.6796       101455.3639       101209.0395       101430.7758       101229.2614
             1.33       101419.0762       101438.4877       101195.0063       101169.9698       101455.6045       101619.2826       100748.2238       101431.0936       101237.6557       101401.6275       101250.8117       101393.2821       101255.0267
             1.34       101310.1325       101459.6422       101323.8511       101149.6291         101307.35       101640.8967       101147.4002       101281.7228       101346.2233       101315.0179        101329.019       101327.5232       101318.7633
             1.35       101233.5634       101457.3981       101430.2256       101156.8668       101170.8613        101570.489        101657.255       101154.0322       101442.2172       101234.3731       101403.5541       101259.9724         101384.68
             1.36       101209.6936       101391.8352       101472.8012       101257.1941       101108.7607       101386.0172       102039.8544       101086.2514       101492.7355       101190.6232       101442.7252       101222.6854       101418.8589
             1.37       101204.1731        101282.774       101476.3828       101400.6633       101111.2144       101183.6212       102105.2765       101116.4452       101480.5507       101193.8218       101440.9178       101219.6221       101420.9499
             1.38       101222.0957       101215.9274        101442.743       101485.0427       101182.7817       101037.4974       101902.4449       101217.8147       101410.7448       101246.3084       101396.5143       101253.8385        101391.654
             1.39       101342.5325       101192.4845       101327.4866       101502.2272        101343.961        101009.216       101505.2285       101369.6449       101304.7304       101335.7958       101321.7436       101322.7226       101331.5146
              1.4       101419.5889       101191.4422       101226.7952       101487.9887       101487.7068       101071.3666       101002.3492        101498.233       101210.4953       101418.2673       101248.6089       101392.6626       101268.0295
             1.41       101443.8549        101247.641       101178.6789       101385.2461       101543.4546        101258.962       100621.0085       101564.5293       101157.8825       101460.1812       101210.0598       101428.2511       101232.2353
             1.42       101446.1001       101372.1126       101174.8877       101257.0464       101538.6796        101471.839       100547.8949       101532.1548       101168.4664       101455.5519        101209.168       101430.7532        101228.977
             1.43       101417.5304       101439.1398       101196.8632       101168.6039       101455.6134       101618.9503        100747.981       101431.1713       101237.5816       101401.6363       101249.1839       101393.3653       101255.0422
             1.44        101309.472       101459.7146       101322.0004       101150.5176       101307.9587        101641.188        101147.421       101281.9453       101346.0804       101315.1689       101327.9701       101327.8028        101318.669
             1.45       101235.0891       101456.7988       101429.7645       101157.7666       101169.4703       101570.7167       101657.0667       101154.0459       101442.0318       101234.5509       101404.1039       101259.3858       101384.9869
             1.46        101208.639       101392.1904       101474.0938       101255.7269       101109.3017       101385.7311       102039.7287       101086.1462       101492.7062       101190.3671       101440.9639       101223.0654       101418.3747
             1.47       101203.0743       101283.5912       101475.8661       101400.1724       101112.1278       101183.6654       102105.4848       101116.5161       101480.5432       101193.9933       101439.9152       101219.3353       101421.3482
             1.48       101224.1413       101215.0092        101442.287       101487.5192       101181.3339       101037.4692       101902.0356       101217.7264       101410.8081       101246.3205       101396.9738       101253.4954       101391.6479
             1.49       101342.2262        101192.028       101328.1127       101500.6058       101344.5527        101009.873       101505.6074       101369.8319       101304.7304       101335.5347       101322.2912       101322.8482       101331.4994
              1.5       101418.3732       101192.3212       101226.8217       101487.2726        101488.886       101070.1785       101002.7481       101497.9186       101210.7046       101418.3058       101248.6524       101393.1894       101267.8436
             1.51       101444.8058       101247.2293       101178.4303       101386.3699       101542.4804        101259.554       100620.5818       101564.2325        101157.928       101459.9848       101210.3061       101427.4122       101232.5687
             1.52       101447.2327       101371.0828       101175.0364       101256.6409       101537.3096       101472.2227       100547.8908       101532.3905       101168.4026       101455.3965       101210.4902       101430.3745       101228.5338
             1.53       101416.4811       101440.0323       101196.9892       101168.2087        101457.915       101617.3699       100748.1803       101430.6498       101237.5855       101401.3492       101250.3876       101393.5538        101255.054
             1.54       101308.9008       101459.8917       101321.7799       101150.8166       101306.9526       101641.6294       101147.8594       101282.0461         101346.23       101315.2326       101328.1541       101327.5558        101318.703
             1.55       101236.0955       101456.0714       101430.0576       101157.7691       101168.8109       101571.7948       101655.9771       101154.3714       101441.8883        101234.648       101404.2285       101259.1996       101385.0617
             1.56       101208.1961       101392.3697       101473.7282       101255.4837       101110.2815         101384.59       102040.6236       101085.9701       101492.7714       101190.3572       101440.7008        101223.313       101417.9544
             1.57       101202.6539       101284.2503       101475.8788       101400.6892       101112.2808       101183.0494       102105.8653       101116.4387       101480.7154       101194.0415       101438.9347       101219.8178       101421.9011
             1.58       101224.8995       101215.0159       101442.6078       101487.6573       101180.7537       101039.7919        101900.501       101217.8897       101410.2082        101246.417       101396.8458       101253.9918       101391.5506
             1.59       101341.3326       101191.6794       101327.8142       101499.8306        101344.465       101008.6369       101506.0518       101370.4551        101304.894       101335.6662       101322.2289       101323.1539       101331.5558
              1.6       101417.7355       101192.3514       101226.3477       101487.3779       101488.9532        101069.573       101003.8225       101496.8615       101210.8752        101418.261       101247.9535        101393.155       101267.6561
             1.61        101445.696        101247.411       101178.6877       101386.9354       101542.0258       101260.7195       100619.4069       101564.6992       101157.5052        101460.023       101210.2827       101427.2449       101233.0554
             1.62        101447.823       101371.4645       101175.4079       101256.9706       101537.2603       101472.1251       100546.8866       101533.2085       101168.2489       101455.6387       101210.3811       101429.5306       101228.1395
             1.63       101415.8721        101440.241       101196.8479       101168.0321       101458.5999        101616.862       100750.0305       101429.1808       101237.8248       101401.0835       101250.5064       101393.1525       101255.0631
             1.64       101308.4693       101458.7377       101321.3624       101150.3376       101306.6221       101641.7158       101146.8876       101282.3395       101346.8373       101315.2764       101328.1353       101327.0305       101318.7251
             1.65       101236.5374       101455.6933       101429.7433       101157.6367       101168.6712       101572.0961       101655.3763        101155.637       101440.8454       101234.6126       101404.3152        101258.198       101384.9586
             1.66       101208.5013       101393.3669       101473.9899       101255.4998       101110.4704       101384.2544       102041.8721       101084.6912       101493.1428       101190.1848       101440.8515       101223.1617       101417.7637
             1.67       101202.7911       101284.5723       101476.6733       101400.8547       101112.8243       101183.0553        102105.881       101115.0498       101481.7823       101193.6998       101439.6307       101219.8404       101422.2835
             1.68       101224.9014       101214.4457       101442.8213       101487.5574         101180.62       101039.8222       101900.2238       101220.2156       101408.9691       101246.4951       101396.5917       101252.6132       101391.7496
             1.69       101340.7938       101191.1787       101326.8418       101499.2896       101343.7931       101008.1395       101506.3076       101369.6109       101305.0495       101336.1903       101322.1584       101323.2507       101331.5537
              1.7       101417.6031       101192.7173       101225.9895       101487.3643       101488.8376       101069.8074       101004.0412       101496.0553       101211.8993       101417.0183       101248.5773       101393.4945       101267.6432
             1.71       101446.3076       101247.8036       101179.6447       101387.2639       101542.3391       101260.7313       100618.8004       101565.7046        101156.757       101460.5771       101209.9651       101427.6244       101233.2369
             1.72       101447.8964       101371.3955       101176.0448       101257.3493       101537.7874       101472.2202       100546.9845       101533.5716       101167.1107       101456.6982       101210.1305       101430.0834       101227.6206
             1.73       101415.1127       101440.1418       101196.0801       101168.2514       101458.4681       101617.0577       100750.4305        101428.817       101239.7177       101399.7977       101250.5412       101394.0974       101254.9218
             1.74       101308.3593       101458.3108       101320.5111       101149.6095       101305.7373       101641.5341       101146.3264       101282.2939       101345.9626       101315.0745       101328.4184       101327.1186       101319.0157
             1.75       101236.9664       101455.7033       101429.7687       101157.2674       101168.4994       101572.0074       101654.9721       101155.7033       101440.0112       101236.0289       101403.0867       101259.1826       101385.4719
             1.76        101208.611       101394.0043       101474.5262        101256.183        101110.973       101384.3198       102041.9985       101084.7193       101493.9809       101189.7168       101441.2001       101223.1706       101417.3741
             1.77       101202.4971       101284.4724       101476.8012       101401.5819       101113.2161       101183.5723       102106.2149       101115.2391       101482.1643       101192.6234       101440.4505       101220.6476       101422.6684
             1.78       101224.6787        101214.129       101442.6365       101487.0697       101180.4604       101039.8912       101900.5255       101220.3095       101408.2537       101248.2856       101395.2206       101251.9779        101391.778
             1.79       101340.8604       101191.1347        101326.143        101498.323        101342.966       101007.4165       101505.8066       101369.0935       101305.0573       101335.5544       101322.2215       101323.2602       101331.6507
              1.8       101417.8391       101192.9991       101226.0276       101487.5049       101488.7922       101069.6202       101003.7401        101496.063       101212.5119       101416.4702       101250.1614       101392.5656       101268.2721
             1.81       101446.5759       101247.5476       101180.6493       101387.8736       101543.0312       101260.9995       100619.2529       101565.7252       101156.6025       101460.9705       101209.4254       101427.5066       101233.3613
             1.82       101447.6508       101371.1695       101176.3732       101257.3433       101538.5617       101472.5863       100547.6453       101533.5716       101166.8538       101456.8828       101209.0925       101428.7538       101227.2128
             1.83       101414.7586       101440.1572       101195.2901       101167.8837       101458.1385         101617.07         100750.46       101428.9008       101240.0396       101399.0589       101252.2574        101394.127       101255.1945
             1.84       101308.6433       101458.1296       101320.2425       101148.7862       101304.9392       101640.4867        101145.645       101281.8893       101345.9689       101315.4928       101328.3224        101327.345       101319.2868
             1.85       101237.4011       101455.5722       101429.9774       101157.1062       101168.5576       101571.7271       101654.7997       101155.5638       101439.9641       101236.1749       101402.5405       101260.3227       101384.3758
             1.86       101208.4896       101394.3143       101474.7126         101257.28       101111.6993       101385.1944        102042.367       101085.0159       101493.8312       101189.3919       101441.2918       101222.8672       101417.5887
             1.87       101202.1156       101284.3852       101476.8199       101401.8689       101113.2304       101184.3402       102106.7365       101115.6861       101482.1729       101192.4885       101440.7923       101220.2864       101422.4482
             1.88       101224.5147       101214.1728        101442.549       101486.4601       101179.9607       101039.4942       101900.4479       101220.4419       101408.5502       101249.0152       101394.8078       101253.7459       101392.0389
             1.89        101341.028       101191.3934       101325.6693       101497.9135        101342.236       101006.5568       101504.7666       101368.5511       101304.6149       101335.3495       101322.1291       101323.5168       101331.3146
              1.9       101417.9144       101193.1436       101225.8672       101487.9907       101488.9062       101069.7878       101003.4036       101495.7814       101212.0736       101416.2431       101249.8796       101392.0645        101268.807
             1.91       101446.3969       101246.9847       101181.1058       101388.3043       101543.8392       101261.7096       100620.0901       101566.1057       101156.7082       101460.9616       101209.3811       101427.7505       101233.2524
             1.92       101447.3013       101371.2398        101176.325       101257.0927       101538.6685       101472.7887       100548.3672       101534.1592       101167.3086       101457.1581       101209.0822       101429.4271       101227.0817
             1.93        101414.741       101440.5325       101195.1184       101167.5139        101457.691       101616.7836       100750.1523       101428.9737       101240.2756       101399.3657       101252.7677       101393.0853       101254.8851
             1.94       101309.0794        101458.045       101320.1324       101148.6179       101304.6343       101639.6298       101144.7613       101281.0283         101345.39       101315.0453       101328.0899       101326.9432       101319.6445
             1.95       101237.7772       101455.3997       101430.0802       101157.2258       101168.8327       101571.7561       101654.9028       101155.0356       101439.6965       101235.7785       101402.2776       101260.4589       101384.3115
             1.96       101208.2067       101394.1241       101474.9102       101257.6099       101112.1208        101386.075       102043.1998       101085.6156       101494.1925       101189.4396       101441.5163       101222.6331       101418.2333
             1.97       101201.8572       101284.2218       101476.9083       101401.7525       101113.2609       101184.5523       102107.0048       101116.3836       101482.7193       101192.6559       101441.0598       101220.2808       101422.7876
             1.98         101224.58         101214.43        101442.512        101486.201         101179.53       101038.7405       101900.2561       101220.1609       101408.7589       101249.2031        101395.073       101254.0624       101391.1058
             1.99       101341.2797       101191.4926       101325.6307       101497.5413         101341.93       101006.0064       101504.0625       101367.6154       101303.8386       101334.7645       101321.9573       101323.1201       101330.5241
                2       101418.0461       101192.8826       101225.6871       101488.1519       101489.3797       101070.2344        101003.333       101495.7254       101211.5914       101415.9271       101249.6494       101391.8805       101268.7647
# Probe 0 (-126 0 0)
# Probe 1 (-105 0 0)
# Probe 2 (-84 0 0)
# Probe 3 (-63 0 0)
# Probe 4 (-42 0 0)
# Probe 5 (-21 0 0)
# Probe 6 (0 0 0)
# Probe 7 (21 0 0)
# Probe 8 (42 0 0)
# Probe 9 (63 0 0)
# Probe 10 (84 0 0)
# Probe 11 (105 0 0)
# Probe 12 (126 0 0)
#           Probe                 0                 1                 2                 3                 4                 5                 6                 7                 8                 9                10                11                12
#            Time
             2.01        101446.182       101246.7638       101181.0501       101388.8377       101544.3873       101262.1823       100621.1619       101566.8444       101157.3663       101461.3444        101209.297         101428.02       101232.9821
             2.02       101446.9512       101371.4253       101176.6857       101257.0358       101538.1923       101472.5261        100548.674       101534.5281       101168.1011       101457.6975       101209.2726       101429.7166       101227.2271
             2.03         101414.69       101440.8466       101195.2459       101166.9623       101457.3038       101616.5629       100749.4177       101428.7191        101240.007       101399.5758       101253.0315       101393.3925       101254.5159
             2.04       101309.4896       101458.2436       101319.3915       101148.7762       101304.8021       101639.7151       101144.1581       101280.3607       101344.2095       101314.2963       101327.4252       101326.8293         101318.98
             2.05       101237.8688        101455.281       101429.9346        101157.826       101168.9751       101571.9565       101655.2087       101154.9499       101439.5121       101235.2566       101401.8081       101260.0565       101383.4449
             2.06       101207.7259       101393.6318       101475.5345       101257.4913       101111.7244       101386.2713       102043.7053       101086.6021       101494.9152       101190.0885       101441.7589       101222.7169       101418.3686
             2.07       101201.7039       101284.2572       101476.8876       101401.4103       101113.3203        101184.548       102106.8073       101116.9174       101483.2498       101193.6288       101441.4354       101220.8606       101422.0046
             2.08       101224.6657       101215.1966       101442.0435       101486.6111       101179.8561       101038.6788       101899.9737       101219.3964       101408.4091        101249.021       101395.3551       101254.5649       101392.1753
             2.09       101341.4948       101191.2262       101325.9019        101497.411       101341.6057       101005.8096       101504.0024       101366.9505        101303.106       101333.6495       101321.2524       101322.5049       101330.5298
              2.1        101418.445       101192.1679        101225.754       101487.4587       101489.3044       101070.0645       101003.5775       101495.9964       101211.5734       101415.7942       101249.1672       101391.4375        101268.354
             2.11       101446.0074       101247.0262       101180.3921       101389.4149       101545.1453       101262.3527       100621.5549       101567.3023       101158.1975       101461.8438       101209.8777       101428.0997        101232.869
             2.12       101446.3531        101371.476       101177.4388       101257.8005       101538.1845       101472.7312       100548.6214       101534.4706       101168.7101       101458.1672       101210.1964       101429.6307       101229.1333
             2.13       101415.0609       101440.4437       101196.2404       101165.6654        101456.323       101616.2385       100749.3657       101428.1549       101239.3562       101399.1516       101252.9755       101393.9207       101254.2316
             2.14       101310.1628       101459.0843       101317.9534       101148.0603       101304.8602       101639.2783       101144.0161        101280.148       101343.7781       101313.4322       101326.4241       101326.2985       101318.1864
             2.15       101237.4083       101455.1959        101429.189       101159.4544       101170.1533       101572.2791       101655.0597       101155.4758       101439.8363       101235.3277        101401.915       101259.2148       101384.0563
             2.16       101207.5013       101392.1766       101477.4575       101257.9952       101111.3936       101386.7546       102043.9524       101086.9077       101495.2182       101190.9297       101442.3012       101223.1502       101418.1636
             2.17       101201.9042       101284.9254       101476.9556       101399.6399       101112.1806       101184.2509       102107.1175       101116.5576       101483.3626       101194.3192       101441.7462       101221.9057       101421.2642
             2.18       101224.1105       101216.9712        101440.394       101486.6046        101180.271       101038.2817       101899.7464       101219.1952       101407.9912       101248.3488       101395.1285       101254.5564       101393.7905
             2.19       101341.6908       101189.9577       101325.8614       101498.9133       101342.3917       101006.2247       101503.4928       101367.1796       101302.6782       101332.9908       101320.2875       101321.4813       101329.4975
              2.2       101419.4184        101191.126       101227.0343       101486.9932       101488.8447       101070.5526       101003.5967       101496.2772       101211.6873       101416.2209       101248.8345       101391.6948       101266.9865
             2.21       101444.9273       101248.4843       101179.4853       101388.2008       101544.4182       101261.8912       100622.2322       101567.1437       101158.6438       101462.3389       101210.6026       101428.4944       101233.4848
             2.22       101445.4002       101371.8326       101176.6182       101258.8715       101538.4766       101472.2483       100548.3793       101534.4385       101168.9045       101458.2335       101211.0645       101430.2894       101230.7147
             2.23       101416.4646       101438.6291       101198.2848       101166.6966       101456.7849       101616.6763       100748.8465       101428.4109       101238.8997       101399.0029       101252.2079        101393.791       101254.2419
             2.24       101310.6234       101460.7283       101318.0198       101146.3187       101304.8346       101639.9477       101144.1372       101279.9821       101343.4724       101313.3376       101325.8479       101325.2445       101317.5681
             2.25       101235.9017       101455.9833       101426.6097       101158.9058       101169.9211       101571.9367       101655.6544        101155.102        101440.115       101235.2764       101402.2401       101259.1856       101383.6499
             2.26       101208.5038       101389.7498       101477.9817       101259.9117       101111.3798       101385.8642       102044.1052       101087.1653       101495.5394       101190.8966       101442.5291       101223.9296       101418.9839
             2.27       101202.4541        101284.921       101479.8885       101399.7255       101112.4723       101184.2171       102106.6941       101116.8376       101483.2679       101194.4912       101442.2346       101222.0858       101421.7861
             2.28       101222.2065       101219.9034       101439.3339       101484.3692       101180.3665        101039.199       101899.4118       101218.9796       101407.7794       101248.0555       101394.8776       101253.4937       101393.1086
             2.29       101342.8541       101188.7655       101323.0185       101498.9953       101342.0875       101006.1742       101503.9199       101366.6813       101302.9679       101332.9483       101319.8766        101321.174       101328.9995
              2.3       101421.3701       101188.6502       101228.2035       101488.6256       101488.7498       101069.7187       101003.8623       101496.3334       101211.9528       101416.2708       101249.3392       101391.8723       101267.2311
             2.31       101441.6642       101250.2966       101182.5935       101388.3285       101545.0106       101261.8355       100621.8363        101567.547       101158.2706       101462.3339       101210.9997       101428.7268        101234.161
             2.32       101445.0515       101373.4521       101174.8842       101258.1155       101538.8698       101473.1603       100548.3235       101534.5103       101168.7662       101458.2224       101210.9655       101430.8507       101231.2132
             2.33       101419.7136       101436.9827        101195.849       101166.2589       101455.6801       101616.9676       100749.1083       101428.2318       101239.1686       101399.2811        101251.567       101393.3958       101253.3927
             2.34       101309.4155       101459.7507        101320.271       101146.1136       101304.2329        101639.292        101143.915       101279.8995       101343.6224       101313.3217       101325.4713       101324.7743       101316.9042
             2.35       101233.5949       101458.1624       101427.7157       101160.0607       101171.1657       101571.5746        101655.198       101155.2864       101439.6886       101235.0628       101402.4247       101259.3432       101383.9962
             2.36       101210.6677       101389.9427       101475.4989        101260.568       101111.7353       101386.4094       102044.3396       101087.0879       101495.3769        101191.023       101442.8916       101224.4631       101418.6415
             2.37       101203.5473       101282.5507       101480.0473       101398.4005       101111.1926       101184.6307       102107.1391       101116.8873       101483.3491       101195.0237       101442.2045       101222.4609       101421.7499
             2.38       101218.9289       101219.9602       101441.5899       101483.3414       101179.7369       101039.0417       101899.3981       101219.1983       101407.8843       101247.8432       101394.6441       101253.0857       101393.4031
             2.39       101343.2817       101191.6594       101322.1955       101500.4388       101343.2505       101005.8092       101503.5421       101366.8444       101302.8534       101332.5615       101319.8382       101321.0941       101328.4278
              2.4       101424.1054       101188.1382       101226.6087       101490.0201       101489.7023       101069.6951       101003.7526       101496.2135       101212.1043       101416.2941       101249.4209       101392.0057       101267.1265
             2.41       101440.4651       101246.6472       101183.9876       101386.7609       101543.9141       101261.6808       100622.0908       101567.2138       101158.5311       101462.4114        101211.148       101428.5072       101234.7679
             2.42       101443.3254       101374.7012       101175.4835       101256.5831       101537.8146       101473.0335       100548.4568       101534.2671       101168.6632       101458.1809        101211.126        101430.858       101231.4607
             2.43       101421.0765       101440.8271       101194.7721        101167.951       101456.7472       101617.5033       100749.0586       101428.3002       101238.8508       101399.3362        101251.392       101393.2496       101252.6676
             2.44       101310.6323        101457.031       101320.7135       101146.7276       101305.4075       101639.7264       101144.1543       101279.8996        101343.718       101313.1748       101325.5246        101324.577       101316.8754
             2.45       101232.7064       101455.4035       101427.7506        101158.346       101170.2849       101570.5407       101655.2996       101155.4199        101439.989       101234.8882       101402.5988       101259.5456        101384.491
             2.46        101209.235       101392.5705       101474.0399       101260.6522       101110.7427       101385.7705       102044.2408       101087.2831       101495.4013       101191.0645       101442.9291        101224.609       101419.0746
             2.47       101204.1847       101283.9004       101481.0415        101399.907        101111.592       101185.4417       102106.8601       101116.9316       101483.2489       101195.0538       101442.3117       101222.1843       101421.5632
             2.48       101220.8931       101217.4799       101443.4611       101483.0336       101180.4537       101039.8125       101899.2809       101218.7304       101407.8268       101248.0067       101394.5713       101252.8651       101393.3624
             2.49       101342.1222       101192.5055       101320.4219       101499.1069       101343.2663       101005.5806       101503.4079       101366.5714       101302.6179       101332.7133       101319.7275       101321.1428       101328.3196
              2.5       101422.1047       101189.2768       101224.8162       101490.4056       101489.2958         101069.23       101003.9014       101496.6223       101211.9846       101415.9793       101249.3703       101392.3534       101266.7258
             2.51       101443.2373       101245.0507       101185.9791       101388.3222       101543.8199       101261.6054       100622.1687       101567.8474       101158.5315       101462.3067       101211.0192       101428.6641       101234.5003
             2.52       101443.8345       101374.9121       101177.1007       101256.3762       101537.5739       101473.3797       100548.5684       101534.1851       101168.6833       101458.5798       101211.0082       101430.8341       101231.8002
             2.53       101417.8646       101442.4076       101192.3865       101165.9448       101456.5118       101617.8319       100748.8437       101427.7046        101239.074       101399.6858       101251.3784       101393.3751       101252.7704
             2.54       101311.4096       101455.2346       101319.3241       101146.8991       101305.9058       101639.4291       101143.7159       101279.6208       101343.7181       101313.0983       101325.4127       101324.3645       101316.7148
             2.55       101235.6153       101454.4216       101430.1061       101160.1634       101170.7779       101570.0927       101655.2604       101155.8724       101439.7441       101234.7581       101402.6877       101259.3726        101384.271
             2.56       101206.9007       101395.2699       101475.1668       101260.8148       101110.4387       101385.8329        102045.063       101087.5216       101495.2397       101190.9171       101443.1418       101224.9127       101419.0416
             2.57       101202.8744       101284.3187       101479.4092       101398.4453       101111.0114        101185.867       102107.2323       101116.5963       101483.3453       101194.8924       101442.3656       101222.4322       101421.8777
             2.58       101223.9041       101213.9287       101442.5622       101482.3929       101180.5034       101039.8592       101898.8727       101218.3495       101408.1587       101247.9434       101394.2888        101252.549       101393.1526
             2.59       101341.5542       101193.1885       101321.9209       101500.1274       101344.0386       101005.2271       101502.8457       101366.7332       101303.1222       101332.7494       101319.6094       101320.9203       101328.2966
              2.6       101419.9626       101192.3129       101225.2084       101490.9569       101489.6286       101068.8251       101003.8661        101496.814       101211.8792       101416.1269       101249.7307       101392.4302       101267.2425
             2.61       101445.2219       101243.7776       101184.4036       101387.5845       101543.1505       101261.8524        100622.748       101567.7097       101158.0939       101462.2317        101211.419       101428.5266       101234.7737
             2.62       101444.7404       101372.6216       101177.1333       101255.8897       101536.8409       101473.9221       100549.1309       101533.9282        101168.404       101458.4015       101211.0008       101430.5634       101231.4332
             2.63        101415.401       101444.0899       101194.0029       101166.4673       101456.8399       101618.0241       100748.5583       101427.8578        101239.425       101399.5372        101251.267       101393.4661       101252.3126
             2.64       101312.0155       101457.2319       101319.1022       101147.3897        101306.604       101638.9223       101142.9347       101279.8953       101344.1324       101313.1429       101325.2312       101324.9353        101316.872
             2.65       101237.7163       101452.6279       101428.3982       101159.7073       101170.8031       101569.6436       101654.9633        101155.999       101439.8301       101235.0052       101402.3086       101259.4903       101384.4455
             2.66       101205.2393       101393.5447       101475.1735       101260.5002       101109.6145       101385.9832       102045.5009       101087.4658       101494.7052       101190.9922       101443.1135       101224.3815       101418.9197
             2.67       101201.1498       101286.2025       101480.9308        101399.005       101110.5934       101186.5197       102107.7203        101116.266        101482.771       101195.1062       101442.8063       101222.1678       101422.0616
             2.68       101226.2645       101215.7344       101442.7209        101482.859       101181.1969       101040.1874       101898.8412       101218.0822        101408.172       101248.1181       101394.5843        101252.761       101393.5733
             2.69       101342.5555       101191.1773       101320.6346       101499.5264       101344.9518       101005.0554        101502.432       101367.0459       101303.6488       101332.4519       101319.2121        101321.134       101327.8485
              2.7       101417.3872       101191.1552       101224.9304       101490.4864       101489.2717        101068.184       101003.8217       101497.4831       101212.2072        101415.717       101249.0086       101392.7505       101266.5706
             2.71       101444.6726       101245.0276       101185.3393       101388.0458        101542.098       101261.5378        100623.155       101567.9367       101157.7827        101462.335        101211.628       101428.7255       101234.9365
             2.72       101447.3185       101373.3153       101177.4734       101255.9795       101536.7179       101474.2937       100549.1593       101533.0515       101168.0634       101458.9088       101211.5493       101430.3721       101231.9006
             2.73       101415.3307       101443.0356        101193.483       101166.0494       101457.8298        101618.512       100748.2036       101427.0858       101239.5057       101399.9097       101251.3001       101392.6932       101252.3746
             2.74       101309.9711        101456.597       101318.7821       101147.3403       101307.0884        101638.845       101142.7235       101280.1323        101344.487        101312.792       101324.9874       101324.7481       101316.9341
             2.75       101238.2194       101453.5981        101428.901       101160.1609       101170.4042       101569.3091       101655.5288       101156.7565       101440.1661       101234.3075       101402.4015       101260.3353       101384.5125
             2.76       101207.1121       101394.0734       101475.5465       101260.5456       101109.1201       101385.7711       102045.8864       101087.6585       101494.2665       101190.6841        101443.326       101224.8536       101418.5737
             2.77       101200.3732       101285.3773       101480.6186       101398.6481       101110.7432       101186.5852       102107.6958       101115.6255       101482.5155       101195.4005       101442.8664       101221.6071       101421.5539
             2.78       101224.6642       101215.0063        101442.041       101482.5739       101181.2701       101040.6213       101898.2326       101217.7444       101408.6702       101248.7953       101394.3943       101252.0671       101393.9567
             2.79       101343.0945        101191.807       101320.7175       101499.7716       101344.9567       101005.0585       101502.0304       101367.2188       101304.1108       101332.8876       101319.0925       101321.1471       101328.6191
              2.8       101418.8252       101192.0261       101225.4644        101490.921       101489.3652       101067.8276       101004.0963       101497.7562        101211.925       101414.9879       101248.9711       101393.2045       101266.5525
             2.81       101444.2437       101244.9229       101185.4304       101388.2152       101542.0227       101261.4468       100623.8119       101567.9547       101156.9914       101461.8375       101211.8821       101429.0741       101234.1619
             2.82       101446.1703       101372.7445       101177.1305       101255.6124       101536.5799       101474.7577       100549.2354       101532.9773       101168.0365       101459.3098       101211.8538       101430.3846       101231.8254
             2.83       101415.5102       101442.8449       101193.1239       101165.8076       101457.7929       101618.6882        100747.664       101427.1883       101239.9684       101400.5248       101251.2629       101392.3611        101253.075
             2.84        101310.721       101457.2009       101318.7417        101147.547       101307.1214        101638.471       101142.3423        101280.337       101344.6846       101312.7616       101324.2134       101324.3373       101317.1956
             2.85       101238.0299       101453.6466       101429.4442       101160.3645       101170.3866       101569.1488       101655.5673       101156.8226       101439.9157       101233.7532       101402.1006       101260.5902       101384.1159
             2.86       101206.4385       101393.6715       101475.7501       101260.5366       101109.3274       101385.9176       102046.1112       101087.4989        101494.133       101190.6633       101443.9427       101225.4376       101418.0036
             2.87       101200.8033       101285.1781       101480.2755        101398.558       101110.8461       101186.7014       102107.8482       101115.3466       101482.4086       101195.7664       101443.3027        101221.711       101421.3352
             2.88       101225.2598        101215.419       101441.9118       101482.3229       101181.1035       101040.9623       101898.3103       101217.5216       101408.7183       101248.9202         101394.09       101251.4207       101394.2592
             2.89       101342.7862       101191.7816       101320.9622       101499.7104       101344.8789       101005.0044       101501.9529       101367.4474       101304.3247        101332.719       101318.6151       101320.9689        101329.123
              2.9       101418.2514       101191.4986       101225.5535       101490.9842       101489.4214       101067.3405       101004.1213       101498.1469       101212.1068       101414.9635       101249.1229       101394.0266       101266.6838
             2.91       101444.4648        101244.864        101185.262       101388.2693        101541.939       101261.0424       100624.1014       101567.7913       101156.8184       101461.7319       101212.3291       101429.4376       101233.5321
             2.92       101446.6802       101373.2605       101177.2269        101255.822       101536.5055       101474.9914       100549.2148       101532.4525       101167.8427       101459.2872        101211.905       101429.7029       101231.2437
             2.93       101415.5111       101443.0755       101193.2634       101165.7716       101458.1618       101618.9725       100747.4384       101427.0061       101240.1226        101400.639       101251.0091        101391.723        101253.348
             2.94       101310.3423       101456.8747       101318.5871       101147.5224         101307.52       101638.4607       101142.2494       101280.6289       101345.0852        101312.881       101324.1177       101324.4985        101317.797
             2.95       101237.7566       101453.4647       101429.2432       101160.2924        101169.956       101569.1665       101655.7523       101157.2011        101439.766       101233.5032       101402.0347       101261.0541       101384.4516
             2.96       101206.5311       101393.7538       101475.6485       101260.4933       101109.0239       101386.0085       102046.2892       101087.3172       101493.7079        101190.522       101443.9793       101225.4732       101418.1064
             2.97       101200.9916       101285.4094       101480.2673       101398.5695       101110.8062       101186.5209       102107.8141       101115.1801        101482.347       101196.1293       101443.6407       101221.4359       101421.1833
             2.98       101225.2633       101215.5735        101442.075       101482.3239        101181.164       101041.0045       101898.0834       101217.5278       101409.1166       101249.1906       101394.3276       101251.0879       101394.0183
             2.99       101342.7358         101191.81       101321.1276       101499.7963       101344.8922       101005.1123       101501.6217       101367.5619       101304.4267       101332.3182        101318.156       101320.9237       101329.3306
                3       101418.1936       101191.4412       101225.5364        101491.225       101489.5727       101067.3406       101004.0937       101498.3379       101211.7989       101414.5785       101248.6457       101394.3283       101266.9043
