probesSpacialDampingZone
{
        // Where to load it from
        libs ( "libsampling.so" );
        type            probes;
        // Name of the directory for probe data
        name            probesSpacialDampingZone;
        // Write at same frequency as fields
        writeControl   timeStep;
        writeInterval  1;
        // Fields to be probed
        fields
        (
            p
        );

        probeLocations
		(
			(-260.0 0 0)
			(-259.823 0 0)
			(-259.646 0 0)
			(-259.468 0 0)
			(-259.291 0 0)
			(-259.114 0 0)
			(-258.937 0 0)
			(-258.76 0 0)
			(-258.583 0 0)
			(-258.405 0 0)
			(-258.228 0 0)
			(-258.051 0 0)
			(-257.874 0 0)
			(-257.697 0 0)
			(-257.52 0 0)
			(-257.342 0 0)
			(-257.165 0 0)
			(-256.988 0 0)
			(-256.811 0 0)
			(-256.634 0 0)
			(-256.457 0 0)
			(-256.279 0 0)
			(-256.102 0 0)
			(-255.925 0 0)
			(-255.748 0 0)
			(-255.571 0 0)
			(-255.394 0 0)
			(-255.216 0 0)
			(-255.039 0 0)
			(-254.862 0 0)
			(-254.685 0 0)
			(-254.508 0 0)
			(-254.33 0 0)
			(-254.153 0 0)
			(-253.976 0 0)
			(-253.799 0 0)
			(-253.622 0 0)
			(-253.445 0 0)
			(-253.267 0 0)
			(-253.09 0 0)
			(-252.913 0 0)
			(-252.736 0 0)
			(-252.559 0 0)
			(-252.382 0 0)
			(-252.204 0 0)
			(-252.027 0 0)
			(-251.85 0 0)
			(-251.673 0 0)
			(-251.496 0 0)
			(-251.319 0 0)
			(-251.141 0 0)
			(-250.964 0 0)
			(-250.787 0 0)
			(-250.61 0 0)
			(-250.433 0 0)
			(-250.256 0 0)
			(-250.078 0 0)
			(-249.901 0 0)
			(-249.724 0 0)
			(-249.547 0 0)
			(-249.37 0 0)
			(-249.193 0 0)
			(-249.015 0 0)
			(-248.838 0 0)
			(-248.661 0 0)
			(-248.484 0 0)
			(-248.307 0 0)
			(-248.129 0 0)
			(-247.952 0 0)
			(-247.775 0 0)
			(-247.598 0 0)
			(-247.421 0 0)
			(-247.244 0 0)
			(-247.066 0 0)
			(-246.889 0 0)
			(-246.712 0 0)
			(-246.535 0 0)
			(-246.358 0 0)
			(-246.181 0 0)
			(-246.003 0 0)
			(-245.826 0 0)
			(-245.649 0 0)
			(-245.472 0 0)
			(-245.295 0 0)
			(-245.118 0 0)
			(-244.94 0 0)
			(-244.763 0 0)
			(-244.586 0 0)
			(-244.409 0 0)
			(-244.232 0 0)
			(-244.055 0 0)
			(-243.877 0 0)
			(-243.7 0 0)
			(-243.523 0 0)
			(-243.346 0 0)
			(-243.169 0 0)
			(-242.991 0 0)
			(-242.814 0 0)
			(-242.637 0 0)
			(-242.46 0 0)
			(-242.283 0 0)
			(-242.106 0 0)
			(-241.928 0 0)
			(-241.751 0 0)
			(-241.574 0 0)
			(-241.397 0 0)
			(-241.22 0 0)
			(-241.043 0 0)
			(-240.865 0 0)
			(-240.688 0 0)
			(-240.511 0 0)
			(-240.334 0 0)
			(-240.157 0 0)
			(-239.98 0 0)
			(-239.802 0 0)
			(-239.625 0 0)
			(-239.448 0 0)
			(-239.271 0 0)
			(-239.094 0 0)
			(-238.917 0 0)
			(-238.739 0 0)
			(-238.562 0 0)
			(-238.385 0 0)
			(-238.208 0 0)
			(-238.031 0 0)
			(-237.853 0 0)
			(-237.676 0 0)
			(-237.499 0 0)
			(-237.322 0 0)
			(-237.145 0 0)
			(-236.968 0 0)
			(-236.79 0 0)
			(-236.613 0 0)
			(-236.436 0 0)
			(-236.259 0 0)
			(-236.082 0 0)
			(-235.905 0 0)
			(-235.727 0 0)
			(-235.55 0 0)
			(-235.373 0 0)
			(-235.196 0 0)
			(-235.019 0 0)
			(-234.842 0 0)
			(-234.664 0 0)
			(-234.487 0 0)
			(-234.31 0 0)
			(-234.133 0 0)
			(-233.956 0 0)
			(-233.779 0 0)
			(-233.601 0 0)
			(-233.424 0 0)
			(-233.247 0 0)
			(-233.07 0 0)
			(-232.893 0 0)
			(-232.716 0 0)
			(-232.538 0 0)
			(-232.361 0 0)
			(-232.184 0 0)
			(-232.007 0 0)
			(-231.83 0 0)
			(-231.652 0 0)
			(-231.475 0 0)
			(-231.298 0 0)
			(-231.121 0 0)
			(-230.944 0 0)
			(-230.767 0 0)
			(-230.589 0 0)
			(-230.412 0 0)
			(-230.235 0 0)
			(-230.058 0 0)
			(-229.881 0 0)
			(-229.704 0 0)
			(-229.526 0 0)
			(-229.349 0 0)
			(-229.172 0 0)
			(-228.995 0 0)
			(-228.818 0 0)
			(-228.641 0 0)
			(-228.463 0 0)
			(-228.286 0 0)
			(-228.109 0 0)
			(-227.932 0 0)
			(-227.755 0 0)
			(-227.578 0 0)
			(-227.4 0 0)
			(-227.223 0 0)
			(-227.046 0 0)
			(-226.869 0 0)
			(-226.692 0 0)
			(-226.514 0 0)
			(-226.337 0 0)
			(-226.16 0 0)
			(-225.983 0 0)
			(-225.806 0 0)
			(-225.629 0 0)
			(-225.451 0 0)
			(-225.274 0 0)
			(-225.097 0 0)
			(-224.92 0 0)
			(-224.743 0 0)
			(-224.566 0 0)
			(-224.388 0 0)
			(-224.211 0 0)
			(-224.034 0 0)
			(-223.857 0 0)
			(-223.68 0 0)
			(-223.503 0 0)
			(-223.325 0 0)
			(-223.148 0 0)
			(-222.971 0 0)
			(-222.794 0 0)
			(-222.617 0 0)
			(-222.44 0 0)
			(-222.262 0 0)
			(-222.085 0 0)
			(-221.908 0 0)
			(-221.731 0 0)
			(-221.554 0 0)
			(-221.376 0 0)
			(-221.199 0 0)
			(-221.022 0 0)
			(-220.845 0 0)
			(-220.668 0 0)
			(-220.491 0 0)
			(-220.313 0 0)
			(-220.136 0 0)
			(-219.959 0 0)
			(-219.782 0 0)
			(-219.605 0 0)
			(-219.428 0 0)
			(-219.25 0 0)
			(-219.073 0 0)
			(-218.896 0 0)
			(-218.719 0 0)
			(-218.542 0 0)
			(-218.365 0 0)
			(-218.187 0 0)
			(-218.01 0 0)
			(-217.833 0 0)
			(-217.656 0 0)
			(-217.479 0 0)
			(-217.302 0 0)
			(-217.124 0 0)
			(-216.947 0 0)
			(-216.77 0 0)
			(-216.593 0 0)
			(-216.416 0 0)
			(-216.239 0 0)
			(-216.061 0 0)
			(-215.884 0 0)
			(-215.707 0 0)
			(-215.53 0 0)
			(-215.353 0 0)
			(-215.175 0 0)
			(-214.998 0 0)
			(-214.821 0 0)
			(-214.644 0 0)
			(-214.467 0 0)
			(-214.29 0 0)
			(-214.112 0 0)
			(-213.935 0 0)
			(-213.758 0 0)
			(-213.581 0 0)
			(-213.404 0 0)
			(-213.227 0 0)
			(-213.049 0 0)
			(-212.872 0 0)
			(-212.695 0 0)
			(-212.518 0 0)
			(-212.341 0 0)
			(-212.164 0 0)
			(-211.986 0 0)
			(-211.809 0 0)
			(-211.632 0 0)
			(-211.455 0 0)
			(-211.278 0 0)
			(-211.101 0 0)
			(-210.923 0 0)
			(-210.746 0 0)
			(-210.569 0 0)
			(-210.392 0 0)
			(-210.215 0 0)
			(-210.037 0 0)
			(-209.86 0 0)
			(-209.683 0 0)
			(-209.506 0 0)
			(-209.329 0 0)
			(-209.152 0 0)
			(-208.974 0 0)
			(-208.797 0 0)
			(-208.62 0 0)
			(-208.443 0 0)
			(-208.266 0 0)
			(-208.089 0 0)
			(-207.911 0 0)
			(-207.734 0 0)
			(-207.557 0 0)
			(-207.38 0 0)
			(-207.203 0 0)
			(-207.026 0 0)
			(-206.848 0 0)
			(-206.671 0 0)
			(-206.494 0 0)
			(-206.317 0 0)
			(-206.14 0 0)
			(-205.963 0 0)
			(-205.785 0 0)
			(-205.608 0 0)
			(-205.431 0 0)
			(-205.254 0 0)
			(-205.077 0 0)
			(-204.899 0 0)
			(-204.722 0 0)
			(-204.545 0 0)
			(-204.368 0 0)
			(-204.191 0 0)
			(-204.014 0 0)
			(-203.836 0 0)
			(-203.659 0 0)
			(-203.482 0 0)
			(-203.305 0 0)
			(-203.128 0 0)
			(-202.951 0 0)
			(-202.773 0 0)
			(-202.596 0 0)
			(-202.419 0 0)
			(-202.242 0 0)
			(-202.065 0 0)
			(-201.888 0 0)
			(-201.71 0 0)
			(-201.533 0 0)
			(-201.356 0 0)
			(-201.179 0 0)
			(-201.002 0 0)
			(-200.825 0 0)
			(-200.647 0 0)
			(-200.47 0 0)
			(-200.293 0 0)
			(-200.116 0 0)
			(-199.939 0 0)
			(-199.761 0 0)
			(-199.584 0 0)
			(-199.407 0 0)
			(-199.23 0 0)
			(-199.053 0 0)
			(-198.876 0 0)
			(-198.698 0 0)
			(-198.521 0 0)
			(-198.344 0 0)
			(-198.167 0 0)
			(-197.99 0 0)
			(-197.813 0 0)
			(-197.635 0 0)
			(-197.458 0 0)
			(-197.281 0 0)
			(-197.104 0 0)
			(-196.927 0 0)
			(-196.75 0 0)
			(-196.572 0 0)
			(-196.395 0 0)
			(-196.218 0 0)
			(-196.041 0 0)
			(-195.864 0 0)
			(-195.687 0 0)
			(-195.509 0 0)
			(-195.332 0 0)
			(-195.155 0 0)
			(-194.978 0 0)
			(-194.801 0 0)
			(-194.624 0 0)
			(-194.446 0 0)
			(-194.269 0 0)
			(-194.092 0 0)
			(-193.915 0 0)
			(-193.738 0 0)
			(-193.56 0 0)
			(-193.383 0 0)
			(-193.206 0 0)
			(-193.029 0 0)
			(-192.852 0 0)
			(-192.675 0 0)
			(-192.497 0 0)
			(-192.32 0 0)
			(-192.143 0 0)
			(-191.966 0 0)
			(-191.789 0 0)
			(-191.612 0 0)
			(-191.434 0 0)
			(-191.257 0 0)
			(-191.08 0 0)
			(-190.903 0 0)
			(-190.726 0 0)
			(-190.549 0 0)
			(-190.371 0 0)
			(-190.194 0 0)
			(-190.017 0 0)
			(-189.84 0 0)
			(-189.663 0 0)
			(-189.486 0 0)
			(-189.308 0 0)
			(-189.131 0 0)
			(-188.954 0 0)
			(-188.777 0 0)
			(-188.6 0 0)
			(-188.422 0 0)
			(-188.245 0 0)
			(-188.068 0 0)
			(-187.891 0 0)
			(-187.714 0 0)
			(-187.537 0 0)
			(-187.359 0 0)
			(-187.182 0 0)
			(-187.005 0 0)
			(-186.828 0 0)
			(-186.651 0 0)
			(-186.474 0 0)
			(-186.296 0 0)
			(-186.119 0 0)
			(-185.942 0 0)
			(-185.765 0 0)
			(-185.588 0 0)
			(-185.411 0 0)
			(-185.233 0 0)
			(-185.056 0 0)
			(-184.879 0 0)
			(-184.702 0 0)
			(-184.525 0 0)
			(-184.348 0 0)
			(-184.17 0 0)
			(-183.993 0 0)
			(-183.816 0 0)
			(-183.639 0 0)
			(-183.462 0 0)
			(-183.284 0 0)
			(-183.107 0 0)
			(-182.93 0 0)
			(-182.753 0 0)
			(-182.576 0 0)
			(-182.399 0 0)
			(-182.221 0 0)
			(-182.044 0 0)
			(-181.867 0 0)
			(-181.69 0 0)
			(-181.513 0 0)
			(-181.336 0 0)
			(-181.158 0 0)
			(-180.981 0 0)
			(-180.804 0 0)
			(-180.627 0 0)
			(-180.45 0 0)
			(-180.273 0 0)
			(-180.095 0 0)
			(-179.918 0 0)
			(-179.741 0 0)
			(-179.564 0 0)
			(-179.387 0 0)
			(-179.21 0 0)
			(-179.032 0 0)
			(-178.855 0 0)
			(-178.678 0 0)
			(-178.501 0 0)
			(-178.324 0 0)
			(-178.147 0 0)
			(-177.969 0 0)
			(-177.792 0 0)
			(-177.615 0 0)
			(-177.438 0 0)
			(-177.261 0 0)
			(-177.083 0 0)
			(-176.906 0 0)
			(-176.729 0 0)
			(-176.552 0 0)
			(-176.375 0 0)
			(-176.198 0 0)
			(-176.02 0 0)
			(-175.843 0 0)
			(-175.666 0 0)
			(-175.489 0 0)
			(-175.312 0 0)
			(-175.135 0 0)
			(-174.957 0 0)
			(-174.78 0 0)
			(-174.603 0 0)
			(-174.426 0 0)
			(-174.249 0 0)
			(-174.072 0 0)
			(-173.894 0 0)
			(-173.717 0 0)
			(-173.54 0 0)
			(-173.363 0 0)
			(-173.186 0 0)
			(-173.009 0 0)
			(-172.831 0 0)
			(-172.654 0 0)
			(-172.477 0 0)
			(-172.3 0 0)
			(-172.123 0 0)
			(-171.945 0 0)
			(-171.768 0 0)
			(-171.591 0 0)
			(-171.414 0 0)
			(-171.237 0 0)
			(-171.06 0 0)
			(-170.882 0 0)
			(-170.705 0 0)
			(-170.528 0 0)
			(-170.351 0 0)
			(-170.174 0 0)
			(-169.997 0 0)
			(-169.819 0 0)
			(-169.642 0 0)
			(-169.465 0 0)
			(-169.288 0 0)
			(-169.111 0 0)
			(-168.934 0 0)
			(-168.756 0 0)
			(-168.579 0 0)
			(-168.402 0 0)
			(-168.225 0 0)
			(-168.048 0 0)
			(-167.871 0 0)
			(-167.693 0 0)
			(-167.516 0 0)
			(-167.339 0 0)
			(-167.162 0 0)
			(-166.985 0 0)
			(-166.807 0 0)
			(-166.63 0 0)
			(-166.453 0 0)
			(-166.276 0 0)
			(-166.099 0 0)
			(-165.922 0 0)
			(-165.744 0 0)
			(-165.567 0 0)
			(-165.39 0 0)
			(-165.213 0 0)
			(-165.036 0 0)
			(-164.859 0 0)
			(-164.681 0 0)
			(-164.504 0 0)
			(-164.327 0 0)
			(-164.15 0 0)
			(-163.973 0 0)
			(-163.796 0 0)
			(-163.618 0 0)
			(-163.441 0 0)
			(-163.264 0 0)
			(-163.087 0 0)
			(-162.91 0 0)
			(-162.733 0 0)
			(-162.555 0 0)
			(-162.378 0 0)
			(-162.201 0 0)
			(-162.024 0 0)
			(-161.847 0 0)
			(-161.67 0 0)
			(-161.492 0 0)
			(-161.315 0 0)
			(-161.138 0 0)
			(-160.961 0 0)
			(-160.784 0 0)
			(-160.606 0 0)
			(-160.429 0 0)
			(-160.252 0 0)
			(-160.075 0 0)
			(-159.898 0 0)
			(-159.721 0 0)
			(-159.543 0 0)
			(-159.366 0 0)
			(-159.189 0 0)
			(-159.012 0 0)
			(-158.835 0 0)
			(-158.658 0 0)
			(-158.48 0 0)
			(-158.303 0 0)
			(-158.126 0 0)
			(-157.949 0 0)
			(-157.772 0 0)
			(-157.595 0 0)
			(-157.417 0 0)
			(-157.24 0 0)
			(-157.063 0 0)
			(-156.886 0 0)
			(-156.709 0 0)
			(-156.532 0 0)
			(-156.354 0 0)
			(-156.177 0 0)
			(-156.0 0 0)
			(-155.823 0 0)
			(-155.646 0 0)
			(-155.468 0 0)
			(-155.291 0 0)
			(-155.114 0 0)
			(-154.937 0 0)
			(-154.76 0 0)
			(-154.583 0 0)
			(-154.405 0 0)
			(-154.228 0 0)
			(-154.051 0 0)
			(-153.874 0 0)
			(-153.697 0 0)
			(-153.52 0 0)
			(-153.342 0 0)
			(-153.165 0 0)
			(-152.988 0 0)
			(-152.811 0 0)
			(-152.634 0 0)
			(-152.457 0 0)
			(-152.279 0 0)
			(-152.102 0 0)
			(-151.925 0 0)
			(-151.748 0 0)
			(-151.571 0 0)
			(-151.394 0 0)
			(-151.216 0 0)
			(-151.039 0 0)
			(-150.862 0 0)
			(-150.685 0 0)
			(-150.508 0 0)
			(-150.33 0 0)
			(-150.153 0 0)
			(-149.976 0 0)
			(-149.799 0 0)
			(-149.622 0 0)
			(-149.445 0 0)
			(-149.267 0 0)
			(-149.09 0 0)
			(-148.913 0 0)
			(-148.736 0 0)
			(-148.559 0 0)
			(-148.382 0 0)
			(-148.204 0 0)
			(-148.027 0 0)
			(-147.85 0 0)
			(-147.673 0 0)
			(-147.496 0 0)
			(-147.319 0 0)
			(-147.141 0 0)
			(-146.964 0 0)
			(-146.787 0 0)
			(-146.61 0 0)
			(-146.433 0 0)
			(-146.256 0 0)
			(-146.078 0 0)
			(-145.901 0 0)
			(-145.724 0 0)
			(-145.547 0 0)
			(-145.37 0 0)
			(-145.193 0 0)
			(-145.015 0 0)
			(-144.838 0 0)
			(-144.661 0 0)
			(-144.484 0 0)
			(-144.307 0 0)
			(-144.129 0 0)
			(-143.952 0 0)
			(-143.775 0 0)
			(-143.598 0 0)
			(-143.421 0 0)
			(-143.244 0 0)
			(-143.066 0 0)
			(-142.889 0 0)
			(-142.712 0 0)
			(-142.535 0 0)
			(-142.358 0 0)
			(-142.181 0 0)
			(-142.003 0 0)
			(-141.826 0 0)
			(-141.649 0 0)
			(-141.472 0 0)
			(-141.295 0 0)
			(-141.118 0 0)
			(-140.94 0 0)
			(-140.763 0 0)
			(-140.586 0 0)
			(-140.409 0 0)
			(-140.232 0 0)
			(-140.055 0 0)
			(-139.877 0 0)
			(-139.7 0 0)
			(-139.523 0 0)
			(-139.346 0 0)
			(-139.169 0 0)
			(-138.991 0 0)
			(-138.814 0 0)
			(-138.637 0 0)
			(-138.46 0 0)
			(-138.283 0 0)
			(-138.106 0 0)
			(-137.928 0 0)
			(-137.751 0 0)
			(-137.574 0 0)
			(-137.397 0 0)
			(-137.22 0 0)
			(-137.043 0 0)
			(-136.865 0 0)
			(-136.688 0 0)
			(-136.511 0 0)
			(-136.334 0 0)
			(-136.157 0 0)
			(-135.98 0 0)
			(-135.802 0 0)
			(-135.625 0 0)
			(-135.448 0 0)
			(-135.271 0 0)
			(-135.094 0 0)
			(-134.917 0 0)
			(-134.739 0 0)
			(-134.562 0 0)
			(-134.385 0 0)
			(-134.208 0 0)
			(-134.031 0 0)
			(-133.853 0 0)
			(-133.676 0 0)
			(-133.499 0 0)
			(-133.322 0 0)
			(-133.145 0 0)
			(-132.968 0 0)
			(-132.79 0 0)
			(-132.613 0 0)
			(-132.436 0 0)
			(-132.259 0 0)
			(-132.082 0 0)
			(-131.905 0 0)
			(-131.727 0 0)
			(-131.55 0 0)
			(-131.373 0 0)
			(-131.196 0 0)
			(-131.019 0 0)
			(-130.842 0 0)
			(-130.664 0 0)
			(-130.487 0 0)
			(-130.31 0 0)
			(-130.133 0 0)
			(-129.956 0 0)
			(-129.779 0 0)
			(-129.601 0 0)
			(-129.424 0 0)
			(-129.247 0 0)
			(-129.07 0 0)
			(-128.893 0 0)
			(-128.716 0 0)
			(-128.538 0 0)
			(-128.361 0 0)
			(-128.184 0 0)
			(-128.007 0 0)
			(-127.83 0 0)
			(-127.652 0 0)
			(-127.475 0 0)
			(-127.298 0 0)
			(-127.121 0 0)
			(-126.944 0 0)
			(-126.767 0 0)
			(-126.589 0 0)
			(-126.412 0 0)
			(-126.235 0 0)
			(-126.058 0 0)
			(-125.881 0 0)
			(-125.704 0 0)
			(-125.526 0 0)
			(-125.349 0 0)
			(-125.172 0 0)
			(-124.995 0 0)
			(-124.818 0 0)
			(-124.641 0 0)
			(-124.463 0 0)
			(-124.286 0 0)
			(-124.109 0 0)
			(-123.932 0 0)
			(-123.755 0 0)
			(-123.578 0 0)
			(-123.4 0 0)
			(-123.223 0 0)
			(-123.046 0 0)
			(-122.869 0 0)
			(-122.692 0 0)
			(-122.514 0 0)
			(-122.337 0 0)
			(-122.16 0 0)
			(-121.983 0 0)
			(-121.806 0 0)
			(-121.629 0 0)
			(-121.451 0 0)
			(-121.274 0 0)
			(-121.097 0 0)
			(-120.92 0 0)
			(-120.743 0 0)
			(-120.566 0 0)
			(-120.388 0 0)
			(-120.211 0 0)
			(-120.034 0 0)
			(-119.857 0 0)
			(-119.68 0 0)
			(-119.503 0 0)
			(-119.325 0 0)
			(-119.148 0 0)
			(-118.971 0 0)
			(-118.794 0 0)
			(-118.617 0 0)
			(-118.44 0 0)
			(-118.262 0 0)
			(-118.085 0 0)
			(-117.908 0 0)
			(-117.731 0 0)
			(-117.554 0 0)
			(-117.376 0 0)
			(-117.199 0 0)
			(-117.022 0 0)
			(-116.845 0 0)
			(-116.668 0 0)
			(-116.491 0 0)
			(-116.313 0 0)
			(-116.136 0 0)
			(-115.959 0 0)
			(-115.782 0 0)
			(-115.605 0 0)
			(-115.428 0 0)
			(-115.25 0 0)
			(-115.073 0 0)
			(-114.896 0 0)
			(-114.719 0 0)
			(-114.542 0 0)
			(-114.365 0 0)
			(-114.187 0 0)
			(-114.01 0 0)
			(-113.833 0 0)
			(-113.656 0 0)
			(-113.479 0 0)
			(-113.302 0 0)
			(-113.124 0 0)
			(-112.947 0 0)
			(-112.77 0 0)
			(-112.593 0 0)
			(-112.416 0 0)
			(-112.239 0 0)
			(-112.061 0 0)
			(-111.884 0 0)
			(-111.707 0 0)
			(-111.53 0 0)
			(-111.353 0 0)
			(-111.175 0 0)
			(-110.998 0 0)
			(-110.821 0 0)
			(-110.644 0 0)
			(-110.467 0 0)
			(-110.29 0 0)
			(-110.112 0 0)
			(-109.935 0 0)
			(-109.758 0 0)
			(-109.581 0 0)
			(-109.404 0 0)
			(-109.227 0 0)
			(-109.049 0 0)
			(-108.872 0 0)
			(-108.695 0 0)
			(-108.518 0 0)
			(-108.341 0 0)
			(-108.164 0 0)
			(-107.986 0 0)
			(-107.809 0 0)
			(-107.632 0 0)
			(-107.455 0 0)
			(-107.278 0 0)
			(-107.101 0 0)
			(-106.923 0 0)
			(-106.746 0 0)
			(-106.569 0 0)
			(-106.392 0 0)
			(-106.215 0 0)
			(-106.037 0 0)
			(-105.86 0 0)
			(-105.683 0 0)
			(-105.506 0 0)
			(-105.329 0 0)
			(-105.152 0 0)
			(-104.974 0 0)
			(-104.797 0 0)
			(-104.62 0 0)
			(-104.443 0 0)
			(-104.266 0 0)
			(-104.089 0 0)
			(-103.911 0 0)
			(-103.734 0 0)
			(-103.557 0 0)
			(-103.38 0 0)
			(-103.203 0 0)
			(-103.026 0 0)
			(-102.848 0 0)
			(-102.671 0 0)
			(-102.494 0 0)
			(-102.317 0 0)
			(-102.14 0 0)
			(-101.963 0 0)
			(-101.785 0 0)
			(-101.608 0 0)
			(-101.431 0 0)
			(-101.254 0 0)
			(-101.077 0 0)
			(-100.899 0 0)
			(-100.722 0 0)
			(-100.545 0 0)
			(-100.368 0 0)
			(-100.191 0 0)
			(-100.014 0 0)
			(-99.836 0 0)
			(-99.659 0 0)
			(-99.482 0 0)
			(-99.305 0 0)
			(-99.128 0 0)
			(-98.951 0 0)
			(-98.773 0 0)
			(-98.596 0 0)
			(-98.419 0 0)
			(-98.242 0 0)
			(-98.065 0 0)
			(-97.888 0 0)
			(-97.71 0 0)
			(-97.533 0 0)
			(-97.356 0 0)
			(-97.179 0 0)
			(-97.002 0 0)
			(-96.825 0 0)
			(-96.647 0 0)
			(-96.47 0 0)
			(-96.293 0 0)
			(-96.116 0 0)
			(-95.939 0 0)
			(-95.761 0 0)
			(-95.584 0 0)
			(-95.407 0 0)
			(-95.23 0 0)
			(-95.053 0 0)
			(-94.876 0 0)
			(-94.698 0 0)
			(-94.521 0 0)
			(-94.344 0 0)
			(-94.167 0 0)
			(-93.99 0 0)
			(-93.813 0 0)
			(-93.635 0 0)
			(-93.458 0 0)
			(-93.281 0 0)
			(-93.104 0 0)
			(-92.927 0 0)
			(-92.75 0 0)
			(-92.572 0 0)
			(-92.395 0 0)
			(-92.218 0 0)
			(-92.041 0 0)
			(-91.864 0 0)
			(-91.687 0 0)
			(-91.509 0 0)
			(-91.332 0 0)
			(-91.155 0 0)
			(-90.978 0 0)
			(-90.801 0 0)
			(-90.624 0 0)
			(-90.446 0 0)
			(-90.269 0 0)
			(-90.092 0 0)
			(-89.915 0 0)
			(-89.738 0 0)
			(-89.56 0 0)
			(-89.383 0 0)
			(-89.206 0 0)
			(-89.029 0 0)
			(-88.852 0 0)
			(-88.675 0 0)
			(-88.497 0 0)
			(-88.32 0 0)
			(-88.143 0 0)
			(-87.966 0 0)
			(-87.789 0 0)
			(-87.612 0 0)
			(-87.434 0 0)
			(-87.257 0 0)
			(-87.08 0 0)
			(-86.903 0 0)
			(-86.726 0 0)
			(-86.549 0 0)
			(-86.371 0 0)
			(-86.194 0 0)
			(-86.017 0 0)
			(-85.84 0 0)
			(-85.663 0 0)
			(-85.486 0 0)
			(-85.308 0 0)
			(-85.131 0 0)
			(-84.954 0 0)
			(-84.777 0 0)
			(-84.6 0 0)
			(-84.422 0 0)
			(-84.245 0 0)
			(-84.068 0 0)
			(-83.891 0 0)
			(-83.714 0 0)
			(-83.537 0 0)
			(-83.359 0 0)
			(-83.182 0 0)
			(-83.005 0 0)
			(-82.828 0 0)
			(-82.651 0 0)
			(-82.474 0 0)
			(-82.296 0 0)
			(-82.119 0 0)
			(-81.942 0 0)
			(-81.765 0 0)
			(-81.588 0 0)
			(-81.411 0 0)
			(-81.233 0 0)
			(-81.056 0 0)
			(-80.879 0 0)
			(-80.702 0 0)
			(-80.525 0 0)
			(-80.348 0 0)
			(-80.17 0 0)
			(-79.993 0 0)
			(-79.816 0 0)
			(-79.639 0 0)
			(-79.462 0 0)
			(-79.284 0 0)
			(-79.107 0 0)
			(-78.93 0 0)
			(-78.753 0 0)
			(-78.576 0 0)
			(-78.399 0 0)
			(-78.221 0 0)
			(-78.044 0 0)
			(-77.867 0 0)
			(-77.69 0 0)
			(-77.513 0 0)
			(-77.336 0 0)
			(-77.158 0 0)
			(-76.981 0 0)
			(-76.804 0 0)
			(-76.627 0 0)
			(-76.45 0 0)
			(-76.273 0 0)
			(-76.095 0 0)
			(-75.918 0 0)
			(-75.741 0 0)
			(-75.564 0 0)
			(-75.387 0 0)
			(-75.21 0 0)
			(-75.032 0 0)
			(-74.855 0 0)
			(-74.678 0 0)
			(-74.501 0 0)
			(-74.324 0 0)
			(-74.147 0 0)
			(-73.969 0 0)
			(-73.792 0 0)
			(-73.615 0 0)
			(-73.438 0 0)
			(-73.261 0 0)
			(-73.083 0 0)
			(-72.906 0 0)
			(-72.729 0 0)
			(-72.552 0 0)
			(-72.375 0 0)
			(-72.198 0 0)
			(-72.02 0 0)
			(-71.843 0 0)
			(-71.666 0 0)
			(-71.489 0 0)
			(-71.312 0 0)
			(-71.135 0 0)
			(-70.957 0 0)
			(-70.78 0 0)
			(-70.603 0 0)
			(-70.426 0 0)
			(-70.249 0 0)
			(-70.072 0 0)
			(-69.894 0 0)
			(-69.717 0 0)
			(-69.54 0 0)
			(-69.363 0 0)
			(-69.186 0 0)
			(-69.009 0 0)
			(-68.831 0 0)
			(-68.654 0 0)
			(-68.477 0 0)
			(-68.3 0 0)
			(-68.123 0 0)
			(-67.945 0 0)
			(-67.768 0 0)
			(-67.591 0 0)
			(-67.414 0 0)
			(-67.237 0 0)
			(-67.06 0 0)
			(-66.882 0 0)
			(-66.705 0 0)
			(-66.528 0 0)
			(-66.351 0 0)
			(-66.174 0 0)
			(-65.997 0 0)
			(-65.819 0 0)
			(-65.642 0 0)
			(-65.465 0 0)
			(-65.288 0 0)
			(-65.111 0 0)
			(-64.934 0 0)
			(-64.756 0 0)
			(-64.579 0 0)
			(-64.402 0 0)
			(-64.225 0 0)
			(-64.048 0 0)
			(-63.871 0 0)
			(-63.693 0 0)
			(-63.516 0 0)
			(-63.339 0 0)
			(-63.162 0 0)
			(-62.985 0 0)
			(-62.807 0 0)
			(-62.63 0 0)
			(-62.453 0 0)
			(-62.276 0 0)
			(-62.099 0 0)
			(-61.922 0 0)
			(-61.744 0 0)
			(-61.567 0 0)
			(-61.39 0 0)
			(-61.213 0 0)
			(-61.036 0 0)
			(-60.859 0 0)
			(-60.681 0 0)
			(-60.504 0 0)
			(-60.327 0 0)
			(-60.15 0 0)
			(-59.973 0 0)
			(-59.796 0 0)
			(-59.618 0 0)
			(-59.441 0 0)
			(-59.264 0 0)
			(-59.087 0 0)
			(-58.91 0 0)
			(-58.733 0 0)
			(-58.555 0 0)
			(-58.378 0 0)
			(-58.201 0 0)
			(-58.024 0 0)
			(-57.847 0 0)
			(-57.67 0 0)
			(-57.492 0 0)
			(-57.315 0 0)
			(-57.138 0 0)
			(-56.961 0 0)
			(-56.784 0 0)
			(-56.606 0 0)
			(-56.429 0 0)
			(-56.252 0 0)
			(-56.075 0 0)
			(-55.898 0 0)
			(-55.721 0 0)
			(-55.543 0 0)
			(-55.366 0 0)
			(-55.189 0 0)
			(-55.012 0 0)
			(-54.835 0 0)
			(-54.658 0 0)
			(-54.48 0 0)
			(-54.303 0 0)
			(-54.126 0 0)
			(-53.949 0 0)
			(-53.772 0 0)
			(-53.595 0 0)
			(-53.417 0 0)
			(-53.24 0 0)
			(-53.063 0 0)
			(-52.886 0 0)
			(-52.709 0 0)
			(-52.532 0 0)
			(-52.354 0 0)
			(-52.177 0 0)
			(-52.0 0 0)
			(-51.823 0 0)
			(-51.646 0 0)
			(-51.468 0 0)
			(-51.291 0 0)
			(-51.114 0 0)
			(-50.937 0 0)
			(-50.76 0 0)
			(-50.583 0 0)
			(-50.405 0 0)
			(-50.228 0 0)
			(-50.051 0 0)
			(-49.874 0 0)
			(-49.697 0 0)
			(-49.52 0 0)
			(-49.342 0 0)
			(-49.165 0 0)
			(-48.988 0 0)
			(-48.811 0 0)
			(-48.634 0 0)
			(-48.457 0 0)
			(-48.279 0 0)
			(-48.102 0 0)
			(-47.925 0 0)
			(-47.748 0 0)
			(-47.571 0 0)
			(-47.394 0 0)
			(-47.216 0 0)
			(-47.039 0 0)
			(-46.862 0 0)
			(-46.685 0 0)
			(-46.508 0 0)
			(-46.33 0 0)
			(-46.153 0 0)
			(-45.976 0 0)
			(-45.799 0 0)
			(-45.622 0 0)
			(-45.445 0 0)
			(-45.267 0 0)
			(-45.09 0 0)
			(-44.913 0 0)
			(-44.736 0 0)
			(-44.559 0 0)
			(-44.382 0 0)
			(-44.204 0 0)
			(-44.027 0 0)
			(-43.85 0 0)
			(-43.673 0 0)
			(-43.496 0 0)
			(-43.319 0 0)
			(-43.141 0 0)
			(-42.964 0 0)
			(-42.787 0 0)
			(-42.61 0 0)
			(-42.433 0 0)
			(-42.256 0 0)
			(-42.078 0 0)
			(-41.901 0 0)
			(-41.724 0 0)
			(-41.547 0 0)
			(-41.37 0 0)
			(-41.193 0 0)
			(-41.015 0 0)
			(-40.838 0 0)
			(-40.661 0 0)
			(-40.484 0 0)
			(-40.307 0 0)
			(-40.129 0 0)
			(-39.952 0 0)
			(-39.775 0 0)
			(-39.598 0 0)
			(-39.421 0 0)
			(-39.244 0 0)
			(-39.066 0 0)
			(-38.889 0 0)
			(-38.712 0 0)
			(-38.535 0 0)
			(-38.358 0 0)
			(-38.181 0 0)
			(-38.003 0 0)
			(-37.826 0 0)
			(-37.649 0 0)
			(-37.472 0 0)
			(-37.295 0 0)
			(-37.118 0 0)
			(-36.94 0 0)
			(-36.763 0 0)
			(-36.586 0 0)
			(-36.409 0 0)
			(-36.232 0 0)
			(-36.055 0 0)
			(-35.877 0 0)
			(-35.7 0 0)
			(-35.523 0 0)
			(-35.346 0 0)
			(-35.169 0 0)
			(-34.991 0 0)
			(-34.814 0 0)
			(-34.637 0 0)
			(-34.46 0 0)
			(-34.283 0 0)
			(-34.106 0 0)
			(-33.928 0 0)
			(-33.751 0 0)
			(-33.574 0 0)
			(-33.397 0 0)
			(-33.22 0 0)
			(-33.043 0 0)
			(-32.865 0 0)
			(-32.688 0 0)
			(-32.511 0 0)
			(-32.334 0 0)
			(-32.157 0 0)
			(-31.98 0 0)
			(-31.802 0 0)
			(-31.625 0 0)
			(-31.448 0 0)
			(-31.271 0 0)
			(-31.094 0 0)
			(-30.917 0 0)
			(-30.739 0 0)
			(-30.562 0 0)
			(-30.385 0 0)
			(-30.208 0 0)
			(-30.031 0 0)
			(-29.853 0 0)
			(-29.676 0 0)
			(-29.499 0 0)
			(-29.322 0 0)
			(-29.145 0 0)
			(-28.968 0 0)
			(-28.79 0 0)
			(-28.613 0 0)
			(-28.436 0 0)
			(-28.259 0 0)
			(-28.082 0 0)
			(-27.905 0 0)
			(-27.727 0 0)
			(-27.55 0 0)
			(-27.373 0 0)
			(-27.196 0 0)
			(-27.019 0 0)
			(-26.842 0 0)
			(-26.664 0 0)
			(-26.487 0 0)
			(-26.31 0 0)
			(-26.133 0 0)
			(-25.956 0 0)
			(-25.779 0 0)
			(-25.601 0 0)
			(-25.424 0 0)
			(-25.247 0 0)
			(-25.07 0 0)
			(-24.893 0 0)
			(-24.716 0 0)
			(-24.538 0 0)
			(-24.361 0 0)
			(-24.184 0 0)
			(-24.007 0 0)
			(-23.83 0 0)
			(-23.652 0 0)
			(-23.475 0 0)
			(-23.298 0 0)
			(-23.121 0 0)
			(-22.944 0 0)
			(-22.767 0 0)
			(-22.589 0 0)
			(-22.412 0 0)
			(-22.235 0 0)
			(-22.058 0 0)
			(-21.881 0 0)
			(-21.704 0 0)
			(-21.526 0 0)
			(-21.349 0 0)
			(-21.172 0 0)
			(-20.995 0 0)
			(-20.818 0 0)
			(-20.641 0 0)
			(-20.463 0 0)
			(-20.286 0 0)
			(-20.109 0 0)
			(-19.932 0 0)
			(-19.755 0 0)
			(-19.578 0 0)
			(-19.4 0 0)
			(-19.223 0 0)
			(-19.046 0 0)
			(-18.869 0 0)
			(-18.692 0 0)
			(-18.514 0 0)
			(-18.337 0 0)
			(-18.16 0 0)
			(-17.983 0 0)
			(-17.806 0 0)
			(-17.629 0 0)
			(-17.451 0 0)
			(-17.274 0 0)
			(-17.097 0 0)
			(-16.92 0 0)
			(-16.743 0 0)
			(-16.566 0 0)
			(-16.388 0 0)
			(-16.211 0 0)
			(-16.034 0 0)
			(-15.857 0 0)
			(-15.68 0 0)
			(-15.503 0 0)
			(-15.325 0 0)
			(-15.148 0 0)
			(-14.971 0 0)
			(-14.794 0 0)
			(-14.617 0 0)
			(-14.44 0 0)
			(-14.262 0 0)
			(-14.085 0 0)
			(-13.908 0 0)
			(-13.731 0 0)
			(-13.554 0 0)
			(-13.376 0 0)
			(-13.199 0 0)
			(-13.022 0 0)
			(-12.845 0 0)
			(-12.668 0 0)
			(-12.491 0 0)
			(-12.313 0 0)
			(-12.136 0 0)
			(-11.959 0 0)
			(-11.782 0 0)
			(-11.605 0 0)
			(-11.428 0 0)
			(-11.25 0 0)
			(-11.073 0 0)
			(-10.896 0 0)
			(-10.719 0 0)
			(-10.542 0 0)
			(-10.365 0 0)
			(-10.187 0 0)
			(-10.01 0 0)
			(-9.833 0 0)
			(-9.656 0 0)
			(-9.479 0 0)
			(-9.302 0 0)
			(-9.124 0 0)
			(-8.947 0 0)
			(-8.77 0 0)
			(-8.593 0 0)
			(-8.416 0 0)
			(-8.239 0 0)
			(-8.061 0 0)
			(-7.884 0 0)
			(-7.707 0 0)
			(-7.53 0 0)
			(-7.353 0 0)
			(-7.175 0 0)
			(-6.998 0 0)
			(-6.821 0 0)
			(-6.644 0 0)
			(-6.467 0 0)
			(-6.29 0 0)
			(-6.112 0 0)
			(-5.935 0 0)
			(-5.758 0 0)
			(-5.581 0 0)
			(-5.404 0 0)
			(-5.227 0 0)
			(-5.049 0 0)
			(-4.872 0 0)
			(-4.695 0 0)
			(-4.518 0 0)
			(-4.341 0 0)
			(-4.164 0 0)
			(-3.986 0 0)
			(-3.809 0 0)
			(-3.632 0 0)
			(-3.455 0 0)
			(-3.278 0 0)
			(-3.101 0 0)
			(-2.923 0 0)
			(-2.746 0 0)
			(-2.569 0 0)
			(-2.392 0 0)
			(-2.215 0 0)
			(-2.037 0 0)
			(-1.86 0 0)
			(-1.683 0 0)
			(-1.506 0 0)
			(-1.329 0 0)
			(-1.152 0 0)
			(-0.974 0 0)
			(-0.797 0 0)
			(-0.62 0 0)
			(-0.443 0 0)
			(-0.266 0 0)
			(-0.089 0 0)
			(0.089 0 0)
			(0.266 0 0)
			(0.443 0 0)
			(0.62 0 0)
			(0.797 0 0)
			(0.974 0 0)
			(1.152 0 0)
			(1.329 0 0)
			(1.506 0 0)
			(1.683 0 0)
			(1.86 0 0)
			(2.037 0 0)
			(2.215 0 0)
			(2.392 0 0)
			(2.569 0 0)
			(2.746 0 0)
			(2.923 0 0)
			(3.101 0 0)
			(3.278 0 0)
			(3.455 0 0)
			(3.632 0 0)
			(3.809 0 0)
			(3.986 0 0)
			(4.164 0 0)
			(4.341 0 0)
			(4.518 0 0)
			(4.695 0 0)
			(4.872 0 0)
			(5.049 0 0)
			(5.227 0 0)
			(5.404 0 0)
			(5.581 0 0)
			(5.758 0 0)
			(5.935 0 0)
			(6.112 0 0)
			(6.29 0 0)
			(6.467 0 0)
			(6.644 0 0)
			(6.821 0 0)
			(6.998 0 0)
			(7.175 0 0)
			(7.353 0 0)
			(7.53 0 0)
			(7.707 0 0)
			(7.884 0 0)
			(8.061 0 0)
			(8.239 0 0)
			(8.416 0 0)
			(8.593 0 0)
			(8.77 0 0)
			(8.947 0 0)
			(9.124 0 0)
			(9.302 0 0)
			(9.479 0 0)
			(9.656 0 0)
			(9.833 0 0)
			(10.01 0 0)
			(10.187 0 0)
			(10.365 0 0)
			(10.542 0 0)
			(10.719 0 0)
			(10.896 0 0)
			(11.073 0 0)
			(11.25 0 0)
			(11.428 0 0)
			(11.605 0 0)
			(11.782 0 0)
			(11.959 0 0)
			(12.136 0 0)
			(12.313 0 0)
			(12.491 0 0)
			(12.668 0 0)
			(12.845 0 0)
			(13.022 0 0)
			(13.199 0 0)
			(13.376 0 0)
			(13.554 0 0)
			(13.731 0 0)
			(13.908 0 0)
			(14.085 0 0)
			(14.262 0 0)
			(14.44 0 0)
			(14.617 0 0)
			(14.794 0 0)
			(14.971 0 0)
			(15.148 0 0)
			(15.325 0 0)
			(15.503 0 0)
			(15.68 0 0)
			(15.857 0 0)
			(16.034 0 0)
			(16.211 0 0)
			(16.388 0 0)
			(16.566 0 0)
			(16.743 0 0)
			(16.92 0 0)
			(17.097 0 0)
			(17.274 0 0)
			(17.451 0 0)
			(17.629 0 0)
			(17.806 0 0)
			(17.983 0 0)
			(18.16 0 0)
			(18.337 0 0)
			(18.514 0 0)
			(18.692 0 0)
			(18.869 0 0)
			(19.046 0 0)
			(19.223 0 0)
			(19.4 0 0)
			(19.578 0 0)
			(19.755 0 0)
			(19.932 0 0)
			(20.109 0 0)
			(20.286 0 0)
			(20.463 0 0)
			(20.641 0 0)
			(20.818 0 0)
			(20.995 0 0)
			(21.172 0 0)
			(21.349 0 0)
			(21.526 0 0)
			(21.704 0 0)
			(21.881 0 0)
			(22.058 0 0)
			(22.235 0 0)
			(22.412 0 0)
			(22.589 0 0)
			(22.767 0 0)
			(22.944 0 0)
			(23.121 0 0)
			(23.298 0 0)
			(23.475 0 0)
			(23.652 0 0)
			(23.83 0 0)
			(24.007 0 0)
			(24.184 0 0)
			(24.361 0 0)
			(24.538 0 0)
			(24.716 0 0)
			(24.893 0 0)
			(25.07 0 0)
			(25.247 0 0)
			(25.424 0 0)
			(25.601 0 0)
			(25.779 0 0)
			(25.956 0 0)
			(26.133 0 0)
			(26.31 0 0)
			(26.487 0 0)
			(26.664 0 0)
			(26.842 0 0)
			(27.019 0 0)
			(27.196 0 0)
			(27.373 0 0)
			(27.55 0 0)
			(27.727 0 0)
			(27.905 0 0)
			(28.082 0 0)
			(28.259 0 0)
			(28.436 0 0)
			(28.613 0 0)
			(28.79 0 0)
			(28.968 0 0)
			(29.145 0 0)
			(29.322 0 0)
			(29.499 0 0)
			(29.676 0 0)
			(29.853 0 0)
			(30.031 0 0)
			(30.208 0 0)
			(30.385 0 0)
			(30.562 0 0)
			(30.739 0 0)
			(30.917 0 0)
			(31.094 0 0)
			(31.271 0 0)
			(31.448 0 0)
			(31.625 0 0)
			(31.802 0 0)
			(31.98 0 0)
			(32.157 0 0)
			(32.334 0 0)
			(32.511 0 0)
			(32.688 0 0)
			(32.865 0 0)
			(33.043 0 0)
			(33.22 0 0)
			(33.397 0 0)
			(33.574 0 0)
			(33.751 0 0)
			(33.928 0 0)
			(34.106 0 0)
			(34.283 0 0)
			(34.46 0 0)
			(34.637 0 0)
			(34.814 0 0)
			(34.991 0 0)
			(35.169 0 0)
			(35.346 0 0)
			(35.523 0 0)
			(35.7 0 0)
			(35.877 0 0)
			(36.055 0 0)
			(36.232 0 0)
			(36.409 0 0)
			(36.586 0 0)
			(36.763 0 0)
			(36.94 0 0)
			(37.118 0 0)
			(37.295 0 0)
			(37.472 0 0)
			(37.649 0 0)
			(37.826 0 0)
			(38.003 0 0)
			(38.181 0 0)
			(38.358 0 0)
			(38.535 0 0)
			(38.712 0 0)
			(38.889 0 0)
			(39.066 0 0)
			(39.244 0 0)
			(39.421 0 0)
			(39.598 0 0)
			(39.775 0 0)
			(39.952 0 0)
			(40.129 0 0)
			(40.307 0 0)
			(40.484 0 0)
			(40.661 0 0)
			(40.838 0 0)
			(41.015 0 0)
			(41.193 0 0)
			(41.37 0 0)
			(41.547 0 0)
			(41.724 0 0)
			(41.901 0 0)
			(42.078 0 0)
			(42.256 0 0)
			(42.433 0 0)
			(42.61 0 0)
			(42.787 0 0)
			(42.964 0 0)
			(43.141 0 0)
			(43.319 0 0)
			(43.496 0 0)
			(43.673 0 0)
			(43.85 0 0)
			(44.027 0 0)
			(44.204 0 0)
			(44.382 0 0)
			(44.559 0 0)
			(44.736 0 0)
			(44.913 0 0)
			(45.09 0 0)
			(45.267 0 0)
			(45.445 0 0)
			(45.622 0 0)
			(45.799 0 0)
			(45.976 0 0)
			(46.153 0 0)
			(46.33 0 0)
			(46.508 0 0)
			(46.685 0 0)
			(46.862 0 0)
			(47.039 0 0)
			(47.216 0 0)
			(47.394 0 0)
			(47.571 0 0)
			(47.748 0 0)
			(47.925 0 0)
			(48.102 0 0)
			(48.279 0 0)
			(48.457 0 0)
			(48.634 0 0)
			(48.811 0 0)
			(48.988 0 0)
			(49.165 0 0)
			(49.342 0 0)
			(49.52 0 0)
			(49.697 0 0)
			(49.874 0 0)
			(50.051 0 0)
			(50.228 0 0)
			(50.405 0 0)
			(50.583 0 0)
			(50.76 0 0)
			(50.937 0 0)
			(51.114 0 0)
			(51.291 0 0)
			(51.468 0 0)
			(51.646 0 0)
			(51.823 0 0)
			(52.0 0 0)
			(52.177 0 0)
			(52.354 0 0)
			(52.532 0 0)
			(52.709 0 0)
			(52.886 0 0)
			(53.063 0 0)
			(53.24 0 0)
			(53.417 0 0)
			(53.595 0 0)
			(53.772 0 0)
			(53.949 0 0)
			(54.126 0 0)
			(54.303 0 0)
			(54.48 0 0)
			(54.658 0 0)
			(54.835 0 0)
			(55.012 0 0)
			(55.189 0 0)
			(55.366 0 0)
			(55.543 0 0)
			(55.721 0 0)
			(55.898 0 0)
			(56.075 0 0)
			(56.252 0 0)
			(56.429 0 0)
			(56.606 0 0)
			(56.784 0 0)
			(56.961 0 0)
			(57.138 0 0)
			(57.315 0 0)
			(57.492 0 0)
			(57.67 0 0)
			(57.847 0 0)
			(58.024 0 0)
			(58.201 0 0)
			(58.378 0 0)
			(58.555 0 0)
			(58.733 0 0)
			(58.91 0 0)
			(59.087 0 0)
			(59.264 0 0)
			(59.441 0 0)
			(59.618 0 0)
			(59.796 0 0)
			(59.973 0 0)
			(60.15 0 0)
			(60.327 0 0)
			(60.504 0 0)
			(60.681 0 0)
			(60.859 0 0)
			(61.036 0 0)
			(61.213 0 0)
			(61.39 0 0)
			(61.567 0 0)
			(61.744 0 0)
			(61.922 0 0)
			(62.099 0 0)
			(62.276 0 0)
			(62.453 0 0)
			(62.63 0 0)
			(62.807 0 0)
			(62.985 0 0)
			(63.162 0 0)
			(63.339 0 0)
			(63.516 0 0)
			(63.693 0 0)
			(63.871 0 0)
			(64.048 0 0)
			(64.225 0 0)
			(64.402 0 0)
			(64.579 0 0)
			(64.756 0 0)
			(64.934 0 0)
			(65.111 0 0)
			(65.288 0 0)
			(65.465 0 0)
			(65.642 0 0)
			(65.819 0 0)
			(65.997 0 0)
			(66.174 0 0)
			(66.351 0 0)
			(66.528 0 0)
			(66.705 0 0)
			(66.882 0 0)
			(67.06 0 0)
			(67.237 0 0)
			(67.414 0 0)
			(67.591 0 0)
			(67.768 0 0)
			(67.945 0 0)
			(68.123 0 0)
			(68.3 0 0)
			(68.477 0 0)
			(68.654 0 0)
			(68.831 0 0)
			(69.009 0 0)
			(69.186 0 0)
			(69.363 0 0)
			(69.54 0 0)
			(69.717 0 0)
			(69.894 0 0)
			(70.072 0 0)
			(70.249 0 0)
			(70.426 0 0)
			(70.603 0 0)
			(70.78 0 0)
			(70.957 0 0)
			(71.135 0 0)
			(71.312 0 0)
			(71.489 0 0)
			(71.666 0 0)
			(71.843 0 0)
			(72.02 0 0)
			(72.198 0 0)
			(72.375 0 0)
			(72.552 0 0)
			(72.729 0 0)
			(72.906 0 0)
			(73.083 0 0)
			(73.261 0 0)
			(73.438 0 0)
			(73.615 0 0)
			(73.792 0 0)
			(73.969 0 0)
			(74.147 0 0)
			(74.324 0 0)
			(74.501 0 0)
			(74.678 0 0)
			(74.855 0 0)
			(75.032 0 0)
			(75.21 0 0)
			(75.387 0 0)
			(75.564 0 0)
			(75.741 0 0)
			(75.918 0 0)
			(76.095 0 0)
			(76.273 0 0)
			(76.45 0 0)
			(76.627 0 0)
			(76.804 0 0)
			(76.981 0 0)
			(77.158 0 0)
			(77.336 0 0)
			(77.513 0 0)
			(77.69 0 0)
			(77.867 0 0)
			(78.044 0 0)
			(78.221 0 0)
			(78.399 0 0)
			(78.576 0 0)
			(78.753 0 0)
			(78.93 0 0)
			(79.107 0 0)
			(79.284 0 0)
			(79.462 0 0)
			(79.639 0 0)
			(79.816 0 0)
			(79.993 0 0)
			(80.17 0 0)
			(80.348 0 0)
			(80.525 0 0)
			(80.702 0 0)
			(80.879 0 0)
			(81.056 0 0)
			(81.233 0 0)
			(81.411 0 0)
			(81.588 0 0)
			(81.765 0 0)
			(81.942 0 0)
			(82.119 0 0)
			(82.296 0 0)
			(82.474 0 0)
			(82.651 0 0)
			(82.828 0 0)
			(83.005 0 0)
			(83.182 0 0)
			(83.359 0 0)
			(83.537 0 0)
			(83.714 0 0)
			(83.891 0 0)
			(84.068 0 0)
			(84.245 0 0)
			(84.422 0 0)
			(84.6 0 0)
			(84.777 0 0)
			(84.954 0 0)
			(85.131 0 0)
			(85.308 0 0)
			(85.486 0 0)
			(85.663 0 0)
			(85.84 0 0)
			(86.017 0 0)
			(86.194 0 0)
			(86.371 0 0)
			(86.549 0 0)
			(86.726 0 0)
			(86.903 0 0)
			(87.08 0 0)
			(87.257 0 0)
			(87.434 0 0)
			(87.612 0 0)
			(87.789 0 0)
			(87.966 0 0)
			(88.143 0 0)
			(88.32 0 0)
			(88.497 0 0)
			(88.675 0 0)
			(88.852 0 0)
			(89.029 0 0)
			(89.206 0 0)
			(89.383 0 0)
			(89.56 0 0)
			(89.738 0 0)
			(89.915 0 0)
			(90.092 0 0)
			(90.269 0 0)
			(90.446 0 0)
			(90.624 0 0)
			(90.801 0 0)
			(90.978 0 0)
			(91.155 0 0)
			(91.332 0 0)
			(91.509 0 0)
			(91.687 0 0)
			(91.864 0 0)
			(92.041 0 0)
			(92.218 0 0)
			(92.395 0 0)
			(92.572 0 0)
			(92.75 0 0)
			(92.927 0 0)
			(93.104 0 0)
			(93.281 0 0)
			(93.458 0 0)
			(93.635 0 0)
			(93.813 0 0)
			(93.99 0 0)
			(94.167 0 0)
			(94.344 0 0)
			(94.521 0 0)
			(94.698 0 0)
			(94.876 0 0)
			(95.053 0 0)
			(95.23 0 0)
			(95.407 0 0)
			(95.584 0 0)
			(95.761 0 0)
			(95.939 0 0)
			(96.116 0 0)
			(96.293 0 0)
			(96.47 0 0)
			(96.647 0 0)
			(96.825 0 0)
			(97.002 0 0)
			(97.179 0 0)
			(97.356 0 0)
			(97.533 0 0)
			(97.71 0 0)
			(97.888 0 0)
			(98.065 0 0)
			(98.242 0 0)
			(98.419 0 0)
			(98.596 0 0)
			(98.773 0 0)
			(98.951 0 0)
			(99.128 0 0)
			(99.305 0 0)
			(99.482 0 0)
			(99.659 0 0)
			(99.836 0 0)
			(100.014 0 0)
			(100.191 0 0)
			(100.368 0 0)
			(100.545 0 0)
			(100.722 0 0)
			(100.899 0 0)
			(101.077 0 0)
			(101.254 0 0)
			(101.431 0 0)
			(101.608 0 0)
			(101.785 0 0)
			(101.963 0 0)
			(102.14 0 0)
			(102.317 0 0)
			(102.494 0 0)
			(102.671 0 0)
			(102.848 0 0)
			(103.026 0 0)
			(103.203 0 0)
			(103.38 0 0)
			(103.557 0 0)
			(103.734 0 0)
			(103.911 0 0)
			(104.089 0 0)
			(104.266 0 0)
			(104.443 0 0)
			(104.62 0 0)
			(104.797 0 0)
			(104.974 0 0)
			(105.152 0 0)
			(105.329 0 0)
			(105.506 0 0)
			(105.683 0 0)
			(105.86 0 0)
			(106.037 0 0)
			(106.215 0 0)
			(106.392 0 0)
			(106.569 0 0)
			(106.746 0 0)
			(106.923 0 0)
			(107.101 0 0)
			(107.278 0 0)
			(107.455 0 0)
			(107.632 0 0)
			(107.809 0 0)
			(107.986 0 0)
			(108.164 0 0)
			(108.341 0 0)
			(108.518 0 0)
			(108.695 0 0)
			(108.872 0 0)
			(109.049 0 0)
			(109.227 0 0)
			(109.404 0 0)
			(109.581 0 0)
			(109.758 0 0)
			(109.935 0 0)
			(110.112 0 0)
			(110.29 0 0)
			(110.467 0 0)
			(110.644 0 0)
			(110.821 0 0)
			(110.998 0 0)
			(111.175 0 0)
			(111.353 0 0)
			(111.53 0 0)
			(111.707 0 0)
			(111.884 0 0)
			(112.061 0 0)
			(112.239 0 0)
			(112.416 0 0)
			(112.593 0 0)
			(112.77 0 0)
			(112.947 0 0)
			(113.124 0 0)
			(113.302 0 0)
			(113.479 0 0)
			(113.656 0 0)
			(113.833 0 0)
			(114.01 0 0)
			(114.187 0 0)
			(114.365 0 0)
			(114.542 0 0)
			(114.719 0 0)
			(114.896 0 0)
			(115.073 0 0)
			(115.25 0 0)
			(115.428 0 0)
			(115.605 0 0)
			(115.782 0 0)
			(115.959 0 0)
			(116.136 0 0)
			(116.313 0 0)
			(116.491 0 0)
			(116.668 0 0)
			(116.845 0 0)
			(117.022 0 0)
			(117.199 0 0)
			(117.376 0 0)
			(117.554 0 0)
			(117.731 0 0)
			(117.908 0 0)
			(118.085 0 0)
			(118.262 0 0)
			(118.44 0 0)
			(118.617 0 0)
			(118.794 0 0)
			(118.971 0 0)
			(119.148 0 0)
			(119.325 0 0)
			(119.503 0 0)
			(119.68 0 0)
			(119.857 0 0)
			(120.034 0 0)
			(120.211 0 0)
			(120.388 0 0)
			(120.566 0 0)
			(120.743 0 0)
			(120.92 0 0)
			(121.097 0 0)
			(121.274 0 0)
			(121.451 0 0)
			(121.629 0 0)
			(121.806 0 0)
			(121.983 0 0)
			(122.16 0 0)
			(122.337 0 0)
			(122.514 0 0)
			(122.692 0 0)
			(122.869 0 0)
			(123.046 0 0)
			(123.223 0 0)
			(123.4 0 0)
			(123.578 0 0)
			(123.755 0 0)
			(123.932 0 0)
			(124.109 0 0)
			(124.286 0 0)
			(124.463 0 0)
			(124.641 0 0)
			(124.818 0 0)
			(124.995 0 0)
			(125.172 0 0)
			(125.349 0 0)
			(125.526 0 0)
			(125.704 0 0)
			(125.881 0 0)
			(126.058 0 0)
			(126.235 0 0)
			(126.412 0 0)
			(126.589 0 0)
			(126.767 0 0)
			(126.944 0 0)
			(127.121 0 0)
			(127.298 0 0)
			(127.475 0 0)
			(127.652 0 0)
			(127.83 0 0)
			(128.007 0 0)
			(128.184 0 0)
			(128.361 0 0)
			(128.538 0 0)
			(128.716 0 0)
			(128.893 0 0)
			(129.07 0 0)
			(129.247 0 0)
			(129.424 0 0)
			(129.601 0 0)
			(129.779 0 0)
			(129.956 0 0)
			(130.133 0 0)
			(130.31 0 0)
			(130.487 0 0)
			(130.664 0 0)
			(130.842 0 0)
			(131.019 0 0)
			(131.196 0 0)
			(131.373 0 0)
			(131.55 0 0)
			(131.727 0 0)
			(131.905 0 0)
			(132.082 0 0)
			(132.259 0 0)
			(132.436 0 0)
			(132.613 0 0)
			(132.79 0 0)
			(132.968 0 0)
			(133.145 0 0)
			(133.322 0 0)
			(133.499 0 0)
			(133.676 0 0)
			(133.853 0 0)
			(134.031 0 0)
			(134.208 0 0)
			(134.385 0 0)
			(134.562 0 0)
			(134.739 0 0)
			(134.917 0 0)
			(135.094 0 0)
			(135.271 0 0)
			(135.448 0 0)
			(135.625 0 0)
			(135.802 0 0)
			(135.98 0 0)
			(136.157 0 0)
			(136.334 0 0)
			(136.511 0 0)
			(136.688 0 0)
			(136.865 0 0)
			(137.043 0 0)
			(137.22 0 0)
			(137.397 0 0)
			(137.574 0 0)
			(137.751 0 0)
			(137.928 0 0)
			(138.106 0 0)
			(138.283 0 0)
			(138.46 0 0)
			(138.637 0 0)
			(138.814 0 0)
			(138.991 0 0)
			(139.169 0 0)
			(139.346 0 0)
			(139.523 0 0)
			(139.7 0 0)
			(139.877 0 0)
			(140.055 0 0)
			(140.232 0 0)
			(140.409 0 0)
			(140.586 0 0)
			(140.763 0 0)
			(140.94 0 0)
			(141.118 0 0)
			(141.295 0 0)
			(141.472 0 0)
			(141.649 0 0)
			(141.826 0 0)
			(142.003 0 0)
			(142.181 0 0)
			(142.358 0 0)
			(142.535 0 0)
			(142.712 0 0)
			(142.889 0 0)
			(143.066 0 0)
			(143.244 0 0)
			(143.421 0 0)
			(143.598 0 0)
			(143.775 0 0)
			(143.952 0 0)
			(144.129 0 0)
			(144.307 0 0)
			(144.484 0 0)
			(144.661 0 0)
			(144.838 0 0)
			(145.015 0 0)
			(145.193 0 0)
			(145.37 0 0)
			(145.547 0 0)
			(145.724 0 0)
			(145.901 0 0)
			(146.078 0 0)
			(146.256 0 0)
			(146.433 0 0)
			(146.61 0 0)
			(146.787 0 0)
			(146.964 0 0)
			(147.141 0 0)
			(147.319 0 0)
			(147.496 0 0)
			(147.673 0 0)
			(147.85 0 0)
			(148.027 0 0)
			(148.204 0 0)
			(148.382 0 0)
			(148.559 0 0)
			(148.736 0 0)
			(148.913 0 0)
			(149.09 0 0)
			(149.267 0 0)
			(149.445 0 0)
			(149.622 0 0)
			(149.799 0 0)
			(149.976 0 0)
			(150.153 0 0)
			(150.33 0 0)
			(150.508 0 0)
			(150.685 0 0)
			(150.862 0 0)
			(151.039 0 0)
			(151.216 0 0)
			(151.394 0 0)
			(151.571 0 0)
			(151.748 0 0)
			(151.925 0 0)
			(152.102 0 0)
			(152.279 0 0)
			(152.457 0 0)
			(152.634 0 0)
			(152.811 0 0)
			(152.988 0 0)
			(153.165 0 0)
			(153.342 0 0)
			(153.52 0 0)
			(153.697 0 0)
			(153.874 0 0)
			(154.051 0 0)
			(154.228 0 0)
			(154.405 0 0)
			(154.583 0 0)
			(154.76 0 0)
			(154.937 0 0)
			(155.114 0 0)
			(155.291 0 0)
			(155.468 0 0)
			(155.646 0 0)
			(155.823 0 0)
			(156.0 0 0)
			(156.177 0 0)
			(156.354 0 0)
			(156.532 0 0)
			(156.709 0 0)
			(156.886 0 0)
			(157.063 0 0)
			(157.24 0 0)
			(157.417 0 0)
			(157.595 0 0)
			(157.772 0 0)
			(157.949 0 0)
			(158.126 0 0)
			(158.303 0 0)
			(158.48 0 0)
			(158.658 0 0)
			(158.835 0 0)
			(159.012 0 0)
			(159.189 0 0)
			(159.366 0 0)
			(159.543 0 0)
			(159.721 0 0)
			(159.898 0 0)
			(160.075 0 0)
			(160.252 0 0)
			(160.429 0 0)
			(160.606 0 0)
			(160.784 0 0)
			(160.961 0 0)
			(161.138 0 0)
			(161.315 0 0)
			(161.492 0 0)
			(161.67 0 0)
			(161.847 0 0)
			(162.024 0 0)
			(162.201 0 0)
			(162.378 0 0)
			(162.555 0 0)
			(162.733 0 0)
			(162.91 0 0)
			(163.087 0 0)
			(163.264 0 0)
			(163.441 0 0)
			(163.618 0 0)
			(163.796 0 0)
			(163.973 0 0)
			(164.15 0 0)
			(164.327 0 0)
			(164.504 0 0)
			(164.681 0 0)
			(164.859 0 0)
			(165.036 0 0)
			(165.213 0 0)
			(165.39 0 0)
			(165.567 0 0)
			(165.744 0 0)
			(165.922 0 0)
			(166.099 0 0)
			(166.276 0 0)
			(166.453 0 0)
			(166.63 0 0)
			(166.807 0 0)
			(166.985 0 0)
			(167.162 0 0)
			(167.339 0 0)
			(167.516 0 0)
			(167.693 0 0)
			(167.871 0 0)
			(168.048 0 0)
			(168.225 0 0)
			(168.402 0 0)
			(168.579 0 0)
			(168.756 0 0)
			(168.934 0 0)
			(169.111 0 0)
			(169.288 0 0)
			(169.465 0 0)
			(169.642 0 0)
			(169.819 0 0)
			(169.997 0 0)
			(170.174 0 0)
			(170.351 0 0)
			(170.528 0 0)
			(170.705 0 0)
			(170.882 0 0)
			(171.06 0 0)
			(171.237 0 0)
			(171.414 0 0)
			(171.591 0 0)
			(171.768 0 0)
			(171.945 0 0)
			(172.123 0 0)
			(172.3 0 0)
			(172.477 0 0)
			(172.654 0 0)
			(172.831 0 0)
			(173.009 0 0)
			(173.186 0 0)
			(173.363 0 0)
			(173.54 0 0)
			(173.717 0 0)
			(173.894 0 0)
			(174.072 0 0)
			(174.249 0 0)
			(174.426 0 0)
			(174.603 0 0)
			(174.78 0 0)
			(174.957 0 0)
			(175.135 0 0)
			(175.312 0 0)
			(175.489 0 0)
			(175.666 0 0)
			(175.843 0 0)
			(176.02 0 0)
			(176.198 0 0)
			(176.375 0 0)
			(176.552 0 0)
			(176.729 0 0)
			(176.906 0 0)
			(177.083 0 0)
			(177.261 0 0)
			(177.438 0 0)
			(177.615 0 0)
			(177.792 0 0)
			(177.969 0 0)
			(178.147 0 0)
			(178.324 0 0)
			(178.501 0 0)
			(178.678 0 0)
			(178.855 0 0)
			(179.032 0 0)
			(179.21 0 0)
			(179.387 0 0)
			(179.564 0 0)
			(179.741 0 0)
			(179.918 0 0)
			(180.095 0 0)
			(180.273 0 0)
			(180.45 0 0)
			(180.627 0 0)
			(180.804 0 0)
			(180.981 0 0)
			(181.158 0 0)
			(181.336 0 0)
			(181.513 0 0)
			(181.69 0 0)
			(181.867 0 0)
			(182.044 0 0)
			(182.221 0 0)
			(182.399 0 0)
			(182.576 0 0)
			(182.753 0 0)
			(182.93 0 0)
			(183.107 0 0)
			(183.284 0 0)
			(183.462 0 0)
			(183.639 0 0)
			(183.816 0 0)
			(183.993 0 0)
			(184.17 0 0)
			(184.348 0 0)
			(184.525 0 0)
			(184.702 0 0)
			(184.879 0 0)
			(185.056 0 0)
			(185.233 0 0)
			(185.411 0 0)
			(185.588 0 0)
			(185.765 0 0)
			(185.942 0 0)
			(186.119 0 0)
			(186.296 0 0)
			(186.474 0 0)
			(186.651 0 0)
			(186.828 0 0)
			(187.005 0 0)
			(187.182 0 0)
			(187.359 0 0)
			(187.537 0 0)
			(187.714 0 0)
			(187.891 0 0)
			(188.068 0 0)
			(188.245 0 0)
			(188.422 0 0)
			(188.6 0 0)
			(188.777 0 0)
			(188.954 0 0)
			(189.131 0 0)
			(189.308 0 0)
			(189.486 0 0)
			(189.663 0 0)
			(189.84 0 0)
			(190.017 0 0)
			(190.194 0 0)
			(190.371 0 0)
			(190.549 0 0)
			(190.726 0 0)
			(190.903 0 0)
			(191.08 0 0)
			(191.257 0 0)
			(191.434 0 0)
			(191.612 0 0)
			(191.789 0 0)
			(191.966 0 0)
			(192.143 0 0)
			(192.32 0 0)
			(192.497 0 0)
			(192.675 0 0)
			(192.852 0 0)
			(193.029 0 0)
			(193.206 0 0)
			(193.383 0 0)
			(193.56 0 0)
			(193.738 0 0)
			(193.915 0 0)
			(194.092 0 0)
			(194.269 0 0)
			(194.446 0 0)
			(194.624 0 0)
			(194.801 0 0)
			(194.978 0 0)
			(195.155 0 0)
			(195.332 0 0)
			(195.509 0 0)
			(195.687 0 0)
			(195.864 0 0)
			(196.041 0 0)
			(196.218 0 0)
			(196.395 0 0)
			(196.572 0 0)
			(196.75 0 0)
			(196.927 0 0)
			(197.104 0 0)
			(197.281 0 0)
			(197.458 0 0)
			(197.635 0 0)
			(197.813 0 0)
			(197.99 0 0)
			(198.167 0 0)
			(198.344 0 0)
			(198.521 0 0)
			(198.698 0 0)
			(198.876 0 0)
			(199.053 0 0)
			(199.23 0 0)
			(199.407 0 0)
			(199.584 0 0)
			(199.761 0 0)
			(199.939 0 0)
			(200.116 0 0)
			(200.293 0 0)
			(200.47 0 0)
			(200.647 0 0)
			(200.825 0 0)
			(201.002 0 0)
			(201.179 0 0)
			(201.356 0 0)
			(201.533 0 0)
			(201.71 0 0)
			(201.888 0 0)
			(202.065 0 0)
			(202.242 0 0)
			(202.419 0 0)
			(202.596 0 0)
			(202.773 0 0)
			(202.951 0 0)
			(203.128 0 0)
			(203.305 0 0)
			(203.482 0 0)
			(203.659 0 0)
			(203.836 0 0)
			(204.014 0 0)
			(204.191 0 0)
			(204.368 0 0)
			(204.545 0 0)
			(204.722 0 0)
			(204.899 0 0)
			(205.077 0 0)
			(205.254 0 0)
			(205.431 0 0)
			(205.608 0 0)
			(205.785 0 0)
			(205.963 0 0)
			(206.14 0 0)
			(206.317 0 0)
			(206.494 0 0)
			(206.671 0 0)
			(206.848 0 0)
			(207.026 0 0)
			(207.203 0 0)
			(207.38 0 0)
			(207.557 0 0)
			(207.734 0 0)
			(207.911 0 0)
			(208.089 0 0)
			(208.266 0 0)
			(208.443 0 0)
			(208.62 0 0)
			(208.797 0 0)
			(208.974 0 0)
			(209.152 0 0)
			(209.329 0 0)
			(209.506 0 0)
			(209.683 0 0)
			(209.86 0 0)
			(210.037 0 0)
			(210.215 0 0)
			(210.392 0 0)
			(210.569 0 0)
			(210.746 0 0)
			(210.923 0 0)
			(211.101 0 0)
			(211.278 0 0)
			(211.455 0 0)
			(211.632 0 0)
			(211.809 0 0)
			(211.986 0 0)
			(212.164 0 0)
			(212.341 0 0)
			(212.518 0 0)
			(212.695 0 0)
			(212.872 0 0)
			(213.049 0 0)
			(213.227 0 0)
			(213.404 0 0)
			(213.581 0 0)
			(213.758 0 0)
			(213.935 0 0)
			(214.112 0 0)
			(214.29 0 0)
			(214.467 0 0)
			(214.644 0 0)
			(214.821 0 0)
			(214.998 0 0)
			(215.175 0 0)
			(215.353 0 0)
			(215.53 0 0)
			(215.707 0 0)
			(215.884 0 0)
			(216.061 0 0)
			(216.239 0 0)
			(216.416 0 0)
			(216.593 0 0)
			(216.77 0 0)
			(216.947 0 0)
			(217.124 0 0)
			(217.302 0 0)
			(217.479 0 0)
			(217.656 0 0)
			(217.833 0 0)
			(218.01 0 0)
			(218.187 0 0)
			(218.365 0 0)
			(218.542 0 0)
			(218.719 0 0)
			(218.896 0 0)
			(219.073 0 0)
			(219.25 0 0)
			(219.428 0 0)
			(219.605 0 0)
			(219.782 0 0)
			(219.959 0 0)
			(220.136 0 0)
			(220.313 0 0)
			(220.491 0 0)
			(220.668 0 0)
			(220.845 0 0)
			(221.022 0 0)
			(221.199 0 0)
			(221.376 0 0)
			(221.554 0 0)
			(221.731 0 0)
			(221.908 0 0)
			(222.085 0 0)
			(222.262 0 0)
			(222.44 0 0)
			(222.617 0 0)
			(222.794 0 0)
			(222.971 0 0)
			(223.148 0 0)
			(223.325 0 0)
			(223.503 0 0)
			(223.68 0 0)
			(223.857 0 0)
			(224.034 0 0)
			(224.211 0 0)
			(224.388 0 0)
			(224.566 0 0)
			(224.743 0 0)
			(224.92 0 0)
			(225.097 0 0)
			(225.274 0 0)
			(225.451 0 0)
			(225.629 0 0)
			(225.806 0 0)
			(225.983 0 0)
			(226.16 0 0)
			(226.337 0 0)
			(226.514 0 0)
			(226.692 0 0)
			(226.869 0 0)
			(227.046 0 0)
			(227.223 0 0)
			(227.4 0 0)
			(227.578 0 0)
			(227.755 0 0)
			(227.932 0 0)
			(228.109 0 0)
			(228.286 0 0)
			(228.463 0 0)
			(228.641 0 0)
			(228.818 0 0)
			(228.995 0 0)
			(229.172 0 0)
			(229.349 0 0)
			(229.526 0 0)
			(229.704 0 0)
			(229.881 0 0)
			(230.058 0 0)
			(230.235 0 0)
			(230.412 0 0)
			(230.589 0 0)
			(230.767 0 0)
			(230.944 0 0)
			(231.121 0 0)
			(231.298 0 0)
			(231.475 0 0)
			(231.652 0 0)
			(231.83 0 0)
			(232.007 0 0)
			(232.184 0 0)
			(232.361 0 0)
			(232.538 0 0)
			(232.716 0 0)
			(232.893 0 0)
			(233.07 0 0)
			(233.247 0 0)
			(233.424 0 0)
			(233.601 0 0)
			(233.779 0 0)
			(233.956 0 0)
			(234.133 0 0)
			(234.31 0 0)
			(234.487 0 0)
			(234.664 0 0)
			(234.842 0 0)
			(235.019 0 0)
			(235.196 0 0)
			(235.373 0 0)
			(235.55 0 0)
			(235.727 0 0)
			(235.905 0 0)
			(236.082 0 0)
			(236.259 0 0)
			(236.436 0 0)
			(236.613 0 0)
			(236.79 0 0)
			(236.968 0 0)
			(237.145 0 0)
			(237.322 0 0)
			(237.499 0 0)
			(237.676 0 0)
			(237.853 0 0)
			(238.031 0 0)
			(238.208 0 0)
			(238.385 0 0)
			(238.562 0 0)
			(238.739 0 0)
			(238.917 0 0)
			(239.094 0 0)
			(239.271 0 0)
			(239.448 0 0)
			(239.625 0 0)
			(239.802 0 0)
			(239.98 0 0)
			(240.157 0 0)
			(240.334 0 0)
			(240.511 0 0)
			(240.688 0 0)
			(240.865 0 0)
			(241.043 0 0)
			(241.22 0 0)
			(241.397 0 0)
			(241.574 0 0)
			(241.751 0 0)
			(241.928 0 0)
			(242.106 0 0)
			(242.283 0 0)
			(242.46 0 0)
			(242.637 0 0)
			(242.814 0 0)
			(242.991 0 0)
			(243.169 0 0)
			(243.346 0 0)
			(243.523 0 0)
			(243.7 0 0)
			(243.877 0 0)
			(244.055 0 0)
			(244.232 0 0)
			(244.409 0 0)
			(244.586 0 0)
			(244.763 0 0)
			(244.94 0 0)
			(245.118 0 0)
			(245.295 0 0)
			(245.472 0 0)
			(245.649 0 0)
			(245.826 0 0)
			(246.003 0 0)
			(246.181 0 0)
			(246.358 0 0)
			(246.535 0 0)
			(246.712 0 0)
			(246.889 0 0)
			(247.066 0 0)
			(247.244 0 0)
			(247.421 0 0)
			(247.598 0 0)
			(247.775 0 0)
			(247.952 0 0)
			(248.129 0 0)
			(248.307 0 0)
			(248.484 0 0)
			(248.661 0 0)
			(248.838 0 0)
			(249.015 0 0)
			(249.193 0 0)
			(249.37 0 0)
			(249.547 0 0)
			(249.724 0 0)
			(249.901 0 0)
			(250.078 0 0)
			(250.256 0 0)
			(250.433 0 0)
			(250.61 0 0)
			(250.787 0 0)
			(250.964 0 0)
			(251.141 0 0)
			(251.319 0 0)
			(251.496 0 0)
			(251.673 0 0)
			(251.85 0 0)
			(252.027 0 0)
			(252.204 0 0)
			(252.382 0 0)
			(252.559 0 0)
			(252.736 0 0)
			(252.913 0 0)
			(253.09 0 0)
			(253.267 0 0)
			(253.445 0 0)
			(253.622 0 0)
			(253.799 0 0)
			(253.976 0 0)
			(254.153 0 0)
			(254.33 0 0)
			(254.508 0 0)
			(254.685 0 0)
			(254.862 0 0)
			(255.039 0 0)
			(255.216 0 0)
			(255.394 0 0)
			(255.571 0 0)
			(255.748 0 0)
			(255.925 0 0)
			(256.102 0 0)
			(256.279 0 0)
			(256.457 0 0)
			(256.634 0 0)
			(256.811 0 0)
			(256.988 0 0)
			(257.165 0 0)
			(257.342 0 0)
			(257.52 0 0)
			(257.697 0 0)
			(257.874 0 0)
			(258.051 0 0)
			(258.228 0 0)
			(258.405 0 0)
			(258.583 0 0)
			(258.76 0 0)
			(258.937 0 0)
			(259.114 0 0)
			(259.291 0 0)
			(259.468 0 0)
			(259.646 0 0)
			(259.823 0 0)
			(260.0 0 0)
		);
        
}